Senor Log For Sensor 1
0
19908797
20813948
21817278
22745546
23739823
24665584
25670459
26582864
27576969
28497425
29498025
30423552
31429203
32355402
33351317
34271105
35273323
36201985
37202860
38129803
39130227
40060672
41065049
41995520
43005968
43931516
44950510
45881433
46887320
47820872
48828501
49759424
50769811
51708163
52722869
53664858
54685833
55623889
56627605
57571575
58586923
59521507
60539075
61476458
62492912
63425718
64439134
65379325
66401270
67342991
68361360
69306550
70328182
71275736
72301558
73253696
74282030
75235168
76264402
77221807
78250205
79195441
80217526
81164264
82194762
83143717
84165182
85110497
86150409
87112265
88145691
89107800
90138072
91099680
92137618
93098366
94134973
95098380
96135551
97088030
98126563
99088514
100122307
101075716
102110008
103069937
104100555
105054786
106081882
107036567
108060820
109010993
110034025
110986449
112013162
112963191
113988305
114937997
115970904
116924278
117958922
118907167

Senor Log For Sensor 2
0
20085043
21069050
22011506
23000382
23939458
24919445
25865538
26837787
27778219
28757215
29714908
30699408
31648793
32630010
33568036
34540831
35491293
36480123
37416332
38400886
39343549
40331104
41282047
42274830
43229027
44221718
45177759
46169435
47124785
48115568
49072542
50063808
51021154
52018573
52976675
53980425
54945944
55947921
56899043
57897327
58855428
59849775
60806932
61802289
62757078
63752402
64711069
65707664
66674923
67671347
68635256
69632536
70602020
71621033
72585310
73586394
74552003
75556934
76522233
77532574
78498198
79503694
80475017
81481390
82454878
83465257
84439782
85453573
86433272
87453762
88430915
89451928
90428575
91449679
92427130
93446998
94426984
95441587
96418932
97437621
98412493
99426869
100404007
101413231
102391559
103407855
104380312
105393177
106368489
107380541
108347769
109356855
110328034
111341210
112309359
113321381
114295407
115306714
116276331
117288118
118263157
119272655

Senor Log For Sensor 3
0
20474165
21369118
22396368
23301679
24322505
25222966
26246965
27143830
28159588
29059506
30086747
30992748
32018979
32919814
33958332
34859822
35887674
36796406
37820224
38705084
39714501
40631419
41662416
42574748
43608524
44522997
45557743
46469985
47504323
48410992
49445455
50355110
51398457
52306135
53346330
54264391
55306154
56223142
57261042
58177567
59211482
60131194
61168905
62081159
63118933
64030508
65072951
65992226
67039118
67955309
69003876
69921529
70973055
71894610
72947964
73869077
74926172
75849256
76899347
77843860
78893231
79817099
80865408
81794424
82852619
83781069
84835722
85767165
86833847
87770417
88832870
89759658
90821727
91760205
92823713
93755950
94822671
95756859
96823760
97753962
98819409
99754793
100816419
101742126
102802657
103736740
104792658
105722267
106779911
107707541
108758429
109686241
110736786
111663673
112715716
113644251
114699783
115622851
116679191
117608084
118661965

Senor Log For Sensor 4
0
20060596
20962227
21991384
22895457
23922275
24817625
25848835
26734991
27761036
28652894
29693294
30588234
31622750
32526166
33563055
34463982
35498539
36402591
37422711
38317144
39335564
40230068
41270445
42174845
43212191
44115233
45162615
46065012
47104880
48009437
49052118
49954866
50993556
51896834
52943210
53852478
54892810
55812039
56857984
57768581
58818321
59732400
60779360
61674668
62719683
63628394
64675962
65585110
66642856
67548417
68596483
69510253
70564708
71474638
72534557
73458905
74513402
75434318
76499712
77430236
78464066
79383690
80442308
81360739
82423464
83345164
84403649
85324810
86391648
87323504
88387358
89314488
90375254
91308842
92378777
93309642
94381542
95313787
96381264
97304242
98371794
99303273
100368510
101284959
102356821
103281282
104336165
105256986
106321089
107242858
108298190
109216033
110275275
111198050
112257896
113178805
114238920
115159137
116223043
117145845
118207062
119130029

