Senor Log For Sensor 1
0
23848800
24248333
24517862
24760097
24956381
25144854
25305498
25468465
25610113
25753610
25878611
26007330
26121268
26240413
26346977
26460328
26564293
26650349
26650416
26677478
26781759
26854206
26895583
27000422
27113607
27217895
27275794
27275872
27331323
27436705
27472555
27472631
27549979
27654500
27768006
27783880
27872594
27986103
28080102
28091083
28123380
28123452
28204740
28242893
28256824
28309175
28422143
28526988
28579411
28640157
28716375
28745150
28858895
28910378
28964424
29012183
29077935
29155986
29183704
29298768
29405954
29464445
29464520
29521573
29532852
29573901
29617061
29716906
29780036
29810273
29912714
30007889
30112066
30112272
30209543
30267520
30267592
30315594
30413130
30518637
30560036
30616396
30671541
30722286
30819656
30924845
31022140
31052696
31052773
31078415
31127724
31185916
31227135
31336715
31378644
31439501
31441345
31522124
31548934
31654941
31730821
31783695
31902820
32032341
32089488
32149260
32190411
32190500
32273280
32384551
32387047
32504206
32567719
32613671
32730545
32836742
32838282
32954934
33004557
33064625
33184251
33294581
33361374
33412628
33522795
33591365
33591441
33642343
33753379
33874272
33984524
34104942
34216280
34308247
34337486
34450396
34572695
34686710
34809883
34923100
35045481
35158071
35214837
35279569
35392392
35514537
35628061
35750593
35863966
35986030
36098772
36220669
36333250
36455556
36568378
36690743
36803724
36926256
37039478
37161856
37193482
37275161
37397224
37509970
37537687
37631794
37744317
37866462
37866652
37979695
38102077
38215152
38336980
38449577
38571474
38683924
38805207
38918201
39039468
39151915
39273029
39385302
39507374
39620272
39741392
39853684
39975583
40087929
40209294
40322279
40444183
40556619
40678354
40790723
40911758
41023967
41145559
41257752
41379348
41492248
41613767
41725803
41847556
41960063
42081660
42194254
42316074
42428656
42549866
42663008
42784606
42896965
43018158
43131222
43252747
43364934
43486777
43599484
43720662
43833092
43954532
44067207
44188639
44300920
44422671
44535187
44656376
44769131
44891033
45003466
45125058
45237588
45358386
45470837
45592348
45704932
45827007
45939672
46061354
46174278
46295878
46408322
46530143
46642738
46763941
46876625
46998209
47110735
47232465
47345687
47466796
47579777
47700588
47813885
47935632
48048294
48169589
48281784
48403045
48515332
48636847
48749208
48870713
48983794
49105458
49217507
49338930
49451300
49572964
49685311
49807376
49919494
50041229
50153748
50275023
50387297
50509515
50622112
50639850
50743795
50856166
50977908
51090584
51212341
51324320
51445361
51557877
51679547
51791998
51912888
52025171
52147150
52259528
52380886
52493492
52614621
52726911
52848841
52961449
53083047
53195578
53317167
53429692
53551445
53663801
53785154
53897357
54019199
54131408
54252690
54365436
54487132
54599476
54721238
54833751
54955269
55067849
55190161
55302358
55423857
55536518
55658032
55770397
55892364
56004415
56125680
56238505
56360109
56472467
56594291
56706661
56827860
56939200
57058532
57168588
57277400
57287901
57398679
57518705
57630132
57749835
57859985
57978826
58088209
58207525
58318064
58437854
58532380
58548577
58668041
58778138
58874389
58897127
59006804
59125638
59236033
59355730
59466356
59586288
59697368
59777261
59815892
59925336
60044414
60154803
60274961
60386618
60487126
60487201
60509967
60626101
60751137
60865219
60988458
61103100
61158915
61174663
61227895
61343619
61468727
61584138
61709413
61825064
61826767
61949628
62064653
62189554
62272784
62282230
62305824
62431504
62547785
62673450
62789406
62914615
62981019
63029708
63154293
63269159
63394044
63510010
63634910
63750249
63856452
63856488
63857936
63873559
63982789
64054849
64099740
64206047
64291871
64291961
64292439
64318468
64419751
64526752
64622861
64724201
64726588
64814981
64909788
64925808
64930552
64995526
65085253
65164630
65220415
65249250
65323017
65324166
65402350
65472796
65546659
65553328
65557293
65612705
65674813
65682090
65744364
65772882
65809670
65857082
65868492
65882119
65930349
65982072
65985791
66018167
66044519
66073681
66084851
66097517
66125001
66153170
66203759
66239206
66257124
66305433
66356372
66402633
66451523
66496138
66505549
66543305
66585966
66631248
66672805
66716751
66756987
66772916
66799748
66838865
66853109
66853196
66880546
66918720
66959146
66996463
67036171
67072700
67111635
67142023
67147296
67185062
67219942
67257226
67291794
67328685
67362547
67398658
67432108
67467596
67500749
67536222
67554930
67568904
67605797
67640674
67675684
67707414
67742270
67775415
67810889
67843734
67877868
67909290
67943755
67975564
67997307
68009480
68040745
68074430
68100574
68106228
68139826
68170945
68204295
68224212
68235410
68269008
68299727
68332301
68363103
68396229
68426867
68459605
68490243
68523057
68553064
68584462
68613768
68645946
68676588
68708763
68738236
68769858
68799402
68831580
68861133
68892756
68922382
68954003
68983390
69015021
69044255
69075407
69104642
69136112
69165267
69196417
69225576
69256572
69286047
69317598
69346825
69378302
69407837
69439236
69468224
69499312
69528148
69558993
69588135
69619537
69648995
69680083
69708984
69740380
69768983
69799834
69828656
69859665
69888419
69919350
69948175
69979178
70007782
70038390
70067226
70098238
70126994
70157618
70186353
70217280
70246120
70276645
70305166
70336021
70364934
70395693
70423429
70452708
70481861
70513485
70542720
70572935
70600754
70631120
70659490
70689546
70717551
70747537
70775634
70805688
70833666
70863486
70891066
70920666
70948399
70977983
71005725
71035550
71062891
71091857
71119050
71148320
71175582
71204782
71231810
71260614
71287184
71315753
71342392
71370885
71397529
71425847
71452181
71480436
71506915
71535100
71561497
71589597
71615442
71642840
71668607
71696314
71721862
71748772
71774085
71801401
71826851
71853939
71878846
71905375
71930056
71956584
71981093
72007240
72031520
72057446
72081547
72107049
72130857
72156215
72179949
72205141
72228562
72253363
72276633
72301045
72323762
72347693
72370414
72394195
72416508
72440065
72461911
72485304
72506750
72529668
72551044
72573811
72594877
72617090
72637923
72659818
72680414
72702145
72722436
72744096
72764063
72785326
72805144
72826023
72845521
72866077
72885180
72905515
72924453
72944476
72963181
72982879
73001203
73020664
73038915
73058057
73075901
73094897
73112595
73131199
73148652
73167248
73184231
73202297
73219121
73237010
73253920
73271574
73288176
73305678
73322036
73339134
73355176
73372130
73387937
73404654
73420385
73437107
73452756
73469162
73484342
73500590
73515847
73531775
73546725
73562509
73577281
73592901
73607620
73623159
73637783
73653173
73667566
73682640
73696865
73711783
73725789
73740535
73754390
73769068
73782909
73797437
73811040
73825482
73839014
73853143
73866513
73880559
73893780
73907666
73920803
73934545
73947439
73961184
73974077
73987736
74000489
74013991
74026735
74040162
74052745
74065925
74078446
74091631
74103975
74117012
74129366
74142391
74154434
74167228
74179259
74192061
74204171
74216807
74228846
74241563
74253522
74266159
74278132
74290531
74302097
74314264
74325744
74337922
74349567
74361892
74373373
74385541
74397028
74409046
74420534
74432543
74443799
74455562
74466736
74478523
74489694
74501546
74512798
74524497
74535509
74547203
74558220
74569839
74580781
74592318
74603173
74614712
74625576
74637114
74648055
74659664
74670603
74682151
74693162
74704853
74715477
74726710
74737337
74748555
74759267
74770725
74781499
74792722
74803428
74814805
74825596
74836977
74847831
74859221
74869847
74881073
74891775
74903090
74913772
74925008
74935780
74947013
74957633
74968854
74979722
74991114
75001724
75013029
75023816
75035112
75045745
75056891
75067507
75078732
75089443
75100662
75111449
75122911
75133770
75144906
75155698
75167003
75177942
75189470
75200414
75211952
75222887
75234503
75245374
75256823
75267695
75279238
75290166
75301859
75312955
75324662
75335755
75347529
75358778
75370634
75381810
75393817
75405070
75416911
75428408
75440419
75451824
75463836
75475481
75487642
75499129
75511381
75523109
75535424
75547226
75559635
75571509
75584153
75596182
75608742
75620786
75633424
75645534
75658327
75670521
75683482
75695833
75708942
75721447
75734637
75747177
75760413
75773071
75786420
75799160
75812737
75825640
75839298
75852196
75866018
75879001
75892804
75906026
75920228
75933605
75947813
75961342
75975784
75989312
76003835
76017671
76032347
76046199
76061112
76075268
76090178
76104334
76119562
76134109
76149425
76163976
76179596
76194372
76210083
76224856
76240881
76255978
76271987
76287250
76303645
76319141
76335551
76350881
76367519
76383254
76400209
76416241
76433516
76449951
76467532
76484204
76501933
76518762
76536428
76553177
76571151
76588361
76606651
76624108
76642717
76660399
76679477
76697245
76716474
76734722
76754108
76772348
76792207
76810752
76830619
76849486
76869805
76888914
76909394
76928896
76949844
76969500
76990698
77010821
77032241
77052602
77074574
77095106
77117304
77138056
77160506
77181795
77204567
77226022
77249016
77270706
77294026
77316103
77339816
77362129
77386151
77408864
77433197
77455996
77480489
77503592
77528552
77551880
77577040
77600814
77626324
77650459
77676283
77700562
77726392
77750909
77777127
77802041
77828718
77853630
77880636
77905854
77933020
77958317
77985711
78011014
78038488
78064182
78091977
78118067
78145845
78171855
78199732
78225654
78253761
78280002
78308265
78334348
78362462
78388850
78417344
78443757
78471770
78498102
78526827
78553307
78581556
78608125
78636146
78662305
78690251
78716501
78744211
78769987
78797621
78823464
78851018
78876484
78903408
78928633
78955711
78980851
79008097
79032841
79059540
79084216
79110186
79134242
79159988
79183728
79209005
79232808
79258241
79281817
79306856
79330046
79354699
79377571
79401895
79424608
79448715
79471026
79494810
79516981
79540366
79562292
79585533
79607253
79630067
79651608
79674440
79696055
79719292
79740510
79762886
79783162
79804747
79824957
79846473
79866510
79887942
79908299
79929572
79949372
79970259
79989668
80010244
80029421
80049988
80069332
80089812
80108915
80129176
80147879
80167895
80186377
80205995
80224311
80243869
80262333
80282040
80300348
80319668
80337587
80356590
80374275
80393193
80410806
80429718
80447336
80466251
80483705
80502472
80519687
80538057
80555273
80573878
80591338
80610803
80628955
80648344
80666505
80685815
80702968
80720627
80737294
80755417
80772489
80790613
80807686
80825573
80842094
80859676
80875789
80893142
80909581
80927160
80943836
80961729
80978478
80996137
81012658
81030155
81046441
81063466
81079440
81096632
81112673
81130102
81146380
81163878
81180311
81197981
81214326
81231680
81248108
81265225
81281339
81298689
81314656
81331689
81347808
81364841
81381078
81398151
81414271
81431377
81447425
81464524
81480645
81497753
81513882
81530986
81547024
81564068
81580175
81597218
81613250
81630366
81646402
81663432
81679482
81696590
81712625
81729737
81745705
81762816
81778614
81795497
81811386
81828415
81844296
81861327
81877378
81894487
81910598
81927482
81943442
81960242
81976125
81992913
82008884
82025909
82042184
82059381
82075416
82092526
82108494
82125442
82141254
82158056
82173699
82190338
82206067
82222706
82238517
82255468
82271341
82288228
82304111
82320988
82336634
82353346
82369005
82385714
82401453
82418319
82434201
82451089
82466890
82483763
82499488
82516280
82531931
82548656
82564386
82581024
82596704
82613313
82629032
82645674
82661484
82678196
82693931
82710641
82726211
82742848
82758430
82775216
82791029
82807823
82823703
82840512
82856394
82873261
82889156
82905716
82921369
82937771
82953418
82969973
82985709
83002274
83017840
83034394
83050132
83066762
83082414
83099130
83114467
83130870
83146525
83163169
83178729
83195376
83211099
83227667
83243318
83259876
83275525
83292160
83307737
83324226
83339711
83356188
83371611
83388243
83403822
83420373
83435945
83452509
83467922
83484335
83499659
83516150
83531636
83548204
83563849
83580416
83595985
83612391
83627805
83644281
83659859
83676263
83691671
83708231
83723809
83740283
83755704
83772109
83787512
83803920
83819408
83835741
83851236
83867637
83883044
83899376
83914782
83931114
83946446
83962782
83978186
83994661
84010004
84026321
84041587
84057902
84073245
84089416
84104749
84121070
84136321
84152726
84168072
84184316
84199654
84216204
84231705
84248260
84263757
84280233
84295489
84311656
84326841
84342932
84358105
84374430
84389613
84405786
84421031
84437291
84452546
84468783
84483963
84500207
84515466
84531787
84547049
84563221
84578318
84594483
84609756
84625908
84641172
84657340
84672743
84688846
84703942
84720036
84735126
84751292
84766481
84782726
84797819
84813917
84829242
84845187
84860362
84876374
84891545
84907644
84923137
84939844
84955493
84971975
84987387
85003635
85018587
85034673
85049657
85065550
85080730
85096889
85112152
85128393
85143576
85159587
85174602
85190537
85205398
85221331
85236349
85252283
85267232
85283322
85298420
85314274
85329446
85345297
85360330
85376098
85391125
85407212
85422230
85438010
85452940
85468713
85483658
85499593
85514460
85530233
85545252
85561265
85576126
85591911
85606771
85622857
85638280
85654676
85670093
85685942
85701012
85716974
85732081
85747694
85762488
85777940
85792883
85808827
85823848
85839708
85854724
85870728
85885836
85901689
85916557
85932249
85946876
85962580
85977277
85993060
86007839
86023701
86038636
86054412
86069204
86084984
86099845
86115457
86130329
86146104
86160734
86176343
86191215
86206760
86221533
86237323
86251939
86267567
86282189
86297727
86312512
86328456
86343867
86360040
86375137
86391149
86406018
86421706
86436577
86451954
86466511
86482206
86497224
86513155
86528181
86544275
86559142
86574750
86589311
86604766
86619480
86635011
86649730
86665426
86680284
86695989
86710767
86726476
86741329
86757107
86771412
86786890
86801437
86816983
86831696
86847312
86862018
86877633
86892426
86907957
86922831
86938372
86952992
86968457
86983100
86998874
87013650
87029743
87045077
87061322
87076505
87092594
87107699
87123161
87137792
87153169
87167884
87183418
87197979
87213676
87228540
87244310
87259253
87274949
87289426
87304815
87319201
87334662
87349132
87364523
87379149
87394538
87409088
87424629
87439109
87454563
87469034
87484488
87498879
87514341
87528813
87544196
87558600
87573902
87588443
87603835
87618386
87633849
87648468
87663932
87678413
87693556
87707873
87723415
87738278
87753820
87768362
87783914
87798621
87814071
87828866
87844094
87858322
87873702
87888106
87903480
87918037
87933411
87947802
87963118
87977422
87992583
88006985
88022200
88036504
88051731
88066123
88081519
88095831
88111204
88125683
88140993
88155297
88170533
88184925
88200151
88214388
88229616
88244004
88259315
88273786
88289003
88303481
88318794
88332953
88348102
88362328
88377480
88391715
88407029
88421735
88437120
88451435
88466730
88481370
88496912
88511305
88526374
88540378
88555361
88569684
88584827
88599135
88614448
88628768
88644000
88658233
88673296
88687609
88702680
88716916
88732070
88746306
88761384
88775698
88790927
88805162
88820300
88834459
88849459
88863610
88878759
88892846
88907915
88922076
88937060
88951383
88966523
88980838
88995750
89009912
89025071
89039701
89055245
89069949
89085651
89099807
89114878
89129273
89144177
89158095
89173089
89187091
89202083
89216330
89231478
89245705
89260780
89275023
89290008
89304084
89319008
89333087
89347990
89361918
89376827
89390839
89405823
89419912
89434828
89448907
89463890
89477972
89492808
89506975
89522044
89535968
89550881
89565029
89579941
89594023
89608869
89622857
89637704
89651695
89666694
89680696
89695600
89710002
89725232
89739216
89754133
89768376
89783438
89797682
89812754
89826518
89841273
89855275
89870258
89884343
89899325
89913570
89928715
89942710
89957636
89971716
89986551
90000550
90015297
90029309
90044136
90058144
90073051
90087205
90102195
90116200
90131041
90145120
90160025
90174035
90188949
90203096
90218170
90232249
90247331
90261486
90276793
90291341
90306406
90320639
90335790
90350341
90365734
90379803
90394646
90408562
90423553
90437640
90452789
90467253
90482491
90496874
90512344
90527048
90542278
90556672
90571745
90585978
90601207
90615592
90630994
90645538
90661077
90675705
90691172
90705713
90721108
90735734
90751270
90765829
90781291
90796108
90811934
90826789
90842656
90857674
90873524
90888467
90904328
90919349
90935363
90950532
90966701
90982114
90998519
91013933
91030259
91045754
91062238
91077882
91094140
91109633
91126276
91142073
91158791
91174831
91191941
91208146
91225331
91241531
91258711
91274907
91292256
91308611
91326117
91342624
91360287
91376882
91394935
91411836
91429894
91446970
91465325
91482543
91500751
91518047
91536642
91554101
91572930
91590704
91609700
91627700
91646933
91665011
91684400
91702716
91722649
91741746
91762081
91781419
91802074
91821712
91841739
91860437
91880927
91900582
91921855
91942048
91963328
91982891
92003770
92023667
92045407
92066156
92088292
92109119
92131256
92151927
92174141
92195123
92217962
92239745
92262896
92284739
92308293
92330065
92353760
92375846
92399716
92421878
92446212
92469155
92494041
92517464
92542647
92566153
92591191
92614376
92639724
92663851
92689518
92713872
92739859
92764221
92790041
92814317
92840542
92865366
92892286
92917364
92944039
92968879
92995481
93020549
93047478
93072702
93099539
93124457
93151449
93176682
93203605
93228504
93255191
93280259
93306953
93331937
93358387
93383299
93409829
93434666
93460962
93485553
93511691
93536128
93561958
93586240
93611986
93636268
93661931
93685822
93711334
93735145
93760423
93783601
93808083
93831117
93856000
93879186
93903740
93926463
93950708
93972957
93996818
94018982
94042373
94064140
94087368
94108982
94131982
94153354
94176201
94197266
94219711
94240299
94262427
94282873
94304605
94324972
94346397
94366436
94387624
94407117
94427916
94447414
94467902
94487241
94507567
94526429
94546360
94564844
94584386
94602777
94622169
94640331
94659551
94677488
94696321
94713930
94732689
94750142
94768431
94785490
94803545
94820526
94838335
94855009
94872583
94889098
94906530
94922877
94940151
94956185
94973218
94989022
95005587
95021168
95037717
95053209
95069694
95085186
95101440
95116617
95132631
95147565
95163353
95178126
95193747
95208385
95223916
95238467
95253857
95268245
95283244
95297468
95312465
95326474
95341229
95355220
95369981
95383830
95398512
95412121
95426482
95439936
95454054
95467434
95481636
95494848
95508986
95522361
95536329
95549308
95562885
95575800
95589448
95602428
95616162
95629142
95642724
95655386
95668808
95681548
95694986
95707564
95720825
95733173
95746125
95758410
95771519
95774823
95775919
95783937
95793916
95796900
95809162
95822046
95834159
95847034
95859140
95871937
95883982
95896774
95908807
95921446
95921821
95925054
95933479
95946206
95958325
95970874
95982917
95995313
96007118
96019684
96031565
96044127
96055843
96068251
96079972
96092447
96104092
96116573
96128223
96140699
96152736
96165146
96176871
96189273
96201154
96213713
96225593
96237921
96249720
96261964
96273689
96286006
96297806
96310288
96322013
96334412
96346293
96358705
96370429
96382902
96394624
96404988
96406227
96407024
96418759
96431309
96432047
96443195
96455598
96467396
96480036
96492000
96504716
96516908
96529631
96541588
96554304
96566345
96578981
96591169
96603973
96616089
96629032
96641237
96654184
96666528
96679488
96691836
96705017
96717603
96730720
96743148
96756565
96769157
96782500
96795323
96808981
96821802
96835372
96848362
96862007
96875142
96888958
96902258
96916299
96929442
96943481
96957093
96971221
96984665
96998973
97012566
97026927
97040606
97055206
97068972
97083573
97097570
97112473
97126475
97141393
97155657
97170851
97185324
97200704
97215253
97230867
97245584
97261200
97275979
97291681
97306614
97322714
97337879
97353970
97369385
97385871
97401359
97417845
97433570
97450371
97466172
97483287
97499559
97516902
97533339
97550912
97567425
97585163
97601995
97619888
97633708
97636873
97655157
97672295
97690662
97708108
97726716
97744403
97763555
97781547
97801023
97819410
97838982
97857354
97877286
97895836
97916016
97935029
97955442
97974851
97995807
98015387
98036426
98056232
98077493
98097625
98119361
98139717
98161775
98182766
98205053
98225601
98247790
98269319
98292482
98314408
98337873
98359586
98382804
98404655
98428277
98450832
98474925
98497559
98521723
98544288
98568542
98591478
98616358
98639557
98664506
98687614
98712494
98736071
98761419
98785230
98810736
98834495
98859897
98883777
98909446
98933640
98959550
98983663
99009728
99033922
99059675
99083637
99109296
99133817
99159807
99184242
99210137
99234341
99259997
99283667
99309402
99333366
99359119
99383233
99408978
99432881
99458299
99481959
99507311
99530720
99555925
99579411
99604369
99627709
99652832
99675773
99700494
99723213
99747543
99770253
99794351
99816898
99841001
99863236
99886861
99908784
99932019
99953787
99976942
99998650
100021383
100042618
100065136
100085962
100108410
100129240
100151450
100172043
100193941
100214221
100235728
100255770
100277042
100296847
100317805
100337211
100358178
100377895
100398862
100418589
100439096
100458019
100478114
100496978
100517152
100536169
100556101
100574810
100594753
100613150
100632849
100651158
100670622
100688791
100708088
100726258
100745642
100763727
100782874
100800792
100819714
100837634
100856626
100874549
100893388
100911232
100930307
100948076
100966910
100984603
101003365
101020971
101039891
101057418
101076180
101093942
101112622
101130225
101148992
101166753
101185753
101203984
101222905
101240671
101259667
101277665
101296264
101313722
101332641
101350397
101369396
101387325
101406477
101424400
101443319
101461076
101480163
101497997
101517078
101534991
101554143
101572224
101591539
101609850
101629399
101647791
101667251
101685423
101704891
101723285
101742895
101761380
101781310
101800097
101820120
101838996
101859234
101878262
101898738
101917849
101938249
101957120
101977530
101996635
102017354
102037394
102058816
102079178
102100994
102121510
102142309
102161730
102182611
102202732
102224390
102244514
102266331
102286532
102307888
102327927
102349359
102369484
102391216
102411740
102433867
102454385
102476596
102497348
102519561
102540386
102562524
102583342
102605634
102626621
102649225
102670373
102692901
102714357
102737043
102758423
102781333
102802714
102825716
102847247
102870161
102891703
102914928
102936701
102960172
102981943
103005345
103027175
103050495
103072578
103096205
103118357
103142149
103164076
103187695
103209395
103232553
103254635
103278095
103300108
103323736
103345574
103368895
103390662
103413967
103435815
103459295
103481221
103504601
103526540
103550084
103571770
103595079
103616937
103640094
103661863
103685199
103706937
103730247
103752027
103775215
103796868
103820111
103841725
103865035
103886978
103910354
103931964
103955157
103976736
104000041
104021660
104044740
104066270
104089427
104111262
104134740
104156659
104179809
104201043
104223798
104244939
104267690
104289223
104312460
104334148
104357061
104378447
104401288
104422497
104445140
104466403
104489402
104510774
104533694
104555070
104577901
104599194
104621885
104643261
104665856
104687235
104710083
104731385
104754222
104775523
104798117
104819179
104841714
104862844
104885687
104906988
104929750
104950888
104973414
104994546
105016922
105037990
105060354
105081262
105103625
105124850
105147759
105168989
105191897
105212807
105234857
105255532
105277435
105297941
105319766
105340197
105362098
105382451
105404196
105424462
105446132
105466251
105487837
105507948
105529306
105549111
105570297
105590025
105610903
105630557
105651513
105671095
105691960
105711372
105732095
105751430
105771981
105791010
105811097
105830046
105850142
105868919
105889168
105907958
105927896
105946600
105966383
105984773
106004161
106022473
106042098
106060402
106079790
106097717
106116704
106134480
106153229
106170850
106189441
106206828
106225264
106242633
106261077
106278297
106296588
106313650
106331779
106348446
106366188
106382687
106400274
106416698
106434053
106450408
106467665
106483788
106501066
106517172
106534286
106550316
106567358
106583152
106599800
106615358
106631761
106647182
106663426
106678835
106695398
106710417
106726500
106741522
106757446
106772395
106788399
106803339
106819111
106833823
106849354
106863980
106879531
106893906
106909222
106923534
106938442
106952518
106967432
106981507
106996265
107010418
107025322
107039167
107053691
107067448
107081987
107095660
107110016
107123546
107137748
107151277
107165649
107179087
107193454
107207068
107221183
107234561
107248524
107261815
107276020
107288922
107302818
107315477
107329054
107341799
107355372
107368356
107382014
107394988
107408728
107421625
107435119
107447941
107461288
107473793
107487060
107499486
107512663
107525259
107538588
107551256
107564684
107577345
107590681
107603348
107616607
107629113
107642227
107654730
107667835
107680353
107693450
107705960
107719234
107731648
107744940
107757508
107770762
107783275
107796543
107809198
107822468
107835057
107848313
107860825
107874237
107886991
107900559
107913388
107926883
107939788
107953515
107966340
107979924
107992816
108006561
108019608
108033499
108046561
108060134
108073045
108086936
108100377
108114822
108128431
108142863
108156553
108170912
108184044
108198017
108211307
108225677
108239433
108254194
108268112
108282943
108296866
108311619
108325455
108340138
108354137
108368896
108382733
108397403
108411559
108426626
108441184
108456633
108471111
108486652
108501267
108516895
108531599
108547138
108562078
108577691
108592552
108608407
108623502
108639747
108655308
108671947
108687604
108704154
108719738
108736133
108751699
108768099
108783595
108800238
108816031
108832989
108848796
108865891
108882087
108899352
108915715
108933137
108949478
108967003
108983411
109001079
109017742
109035561
109052383
109070424
109087570
109105855
109123151
109141435
109158722
109177164
109194465
109213059
109230510
109249440
109267346
109286350
109304346
109323733
109341880
109361353
109379587
109399210
109417511
109437143
109455370
109474790
109493226
109513089
109531878
109551803
109570674
109590914
109609867
109630189
109648970
109669216
109688245
109708409
109727676
109748232
109767797
109788835
109808403
109829507
109849169
109870190
109889608
109910175
109929819
109950936
109971050
109992478
110012684
110034267
110054224
110075503
110095466
110116571
110136936
110158601
110179181
110200927
110221280
110243025
110263228
110284653
110304768
110326678
110347337
110369478
110390147
110412045
110432477
110454290
110474565
110496394
110516828
110538718
110559397
110581440
110601882
110623817
110644373
110666346
110686853
110708832
110729348
110751389
110772539
110794978
110815887
110838246
110859314
110880898
110901171
110923059
110943490
110965468
110985980
111007959
111028396
111050525
111071266
111093719
111114535
111136987
111158056
111180579
111201641
111224707
111246711
111270578
111293122
111317377
111340084
111364573
111387447
111412398
111435817
111461644
111485839
111512058
111536879
111564194
111590047
111618062
111644235
111672479
111699200
111728554
111756514
111786346
111815179
111846184
111875395
111907189
111937199
111970312
112002052
112036906
112069655
112105134
112138597
112175557
112210899
112249680
112286665
112327327
112365959
112408498
112448944
112493600
112536241
112584040
112629909
112680920
112729520
112783280
112835584
112894207
112950190
113013444
113074923
113144228
113212303
113289770
113365695
113452821
113538621
113637992
113737219
113853698
113971138
114108715
114254024
114430623
114619090
114856346
115115585
115456893
115835892
116310997
116788019
117309171
117769501
118234315
118623728
118998447
119310332
119618566
119882830
120153246
120392934
120639115
120855882
121081115
121281993
121490700
121678592
121880955
122062254
122254057
122425146
122607294
122771808
122945699
123103842
123272559
123425539
123584856
123732263
123890001
124034183
124185872
124325300
124473719
124607820
124751188
124883385
125024408
125153050
125289059
125414718
125546714
125669642
125800066
125919690
126047453
126164886
126289978
126405280
126529809
126646540
126775714
126899427
127037463
127173733
127329972
127485067
127662409
127840331
128040117
128229425
128434707
128620075
128814135
128991591
129181177
129353068
129536287
129701091
129872159
130028969
130195723
130347520
130509723
130657118
130814295
130958234
131112043
131252757
131403353
131541157
131688216
131823283
131967523
132099457
132241272
132371711
132511012
132639332
132776500
132902865
133038154
133162318
133295569
133418259
133549065
133669547
133798958
133918166
134045605
134163337
134289205
134404648
134528952
134641890
134760215
134867287
134979412
135081379
135188970
135286394
135389491
135484953
135586875
135680609
135781834
135875165
135975526
136068460
136168270
136261366
136362372
136455792
136556700
136650196
136750808
136843831
136944263
137037370
137137566
137230110
137331026
137424355
137525344
137618438
137719429
137812670
137913115
138006130
138106572
138199190
138298935
138392027
138492730
138586102
138686550
138779475
138880391
138973258
139073849
139166797
139267076
139359544
139460140
139553308
139653919
139746300
139845792
139938033
140039116
140132027
140232632
140325739
140426017
140518877
140619864
140713044
140814028
140907821
141008817
141101678
141202278
141295682
141396288
141489684
141590130
141683765
141785155
141878644
141979863
142074049
142174980
142268205
142369216
142462465
142563205
142656059
142756577
142849606
142950034
143043125
143143962
143237209
143338058
143431462
143532840
143626556
143730451
143823307
143924845
144019201
144120813
144214379
144315540
144409018
144510158
144603551
144704086
144797169
144897838
144991477
145092555
145186420
145288288
145381762
145483231
145577028
145678257
145772169
145873677
145967086
146068379
146161940
146263006
146356485
146458269
146553642
146659093
146759330
146871924
146981023
147103908
147223281
147361459
147497470
147654906
147812068
147998677
148190964
148437253
148723700
149203214
150149170
151179646
Senor Log For Sensor 2
0
23866517
24235628
24525276
24750170
24961703
25137006
25310297
25462190
25614816
25748662
25882415
26001919
26124797
26236324
26350626
26456301
26568724
26650275
26674130
26787036
26854140
26892702
27005364
27110783
27223203
27275727
27328367
27441192
27472488
27547038
27660181
27766014
27783815
27878595
27984259
28080057
28097745
28123309
28203001
28256778
28315658
28420917
28533412
28579333
28639002
28716340
28751907
28857336
28910305
28910443
28969821
29012104
29075739
29155918
29156068
29188969
29297113
29412244
29464369
29519078
29532780
29573837
29648455
29774309
29779957
29906844
30033437
30112205
30112353
30170487
30267442
30299133
30436861
30559969
30566197
30671445
30671534
30704411
30832513
30970900
31052628
31078349
31100471
31185849
31186004
31239765
31370251
31378577
31378734
31441281
31513742
31522060
31640104
31730729
31730821
31765536
31890087
32019079
32089420
32136280
32190342
32259817
32372079
32386946
32387041
32491522
32567653
32602381
32718756
32826815
32836674
32942948
33004479
33053316
33172085
33283279
33361306
33401472
33511272
33591289
33591478
33630450
33742794
33862636
33978033
34099930
34212194
34308153
34308247
34332690
34446532
34568519
34682581
34804483
34918144
35039712
35152890
35214768
35273704
35387389
35509273
35622864
35744680
35858764
35980671
36094431
36215503
36328518
36450023
36563763
36685412
36799421
36921150
37035310
37156796
37193404
37269972
37391048
37505308
37537622
37626532
37740044
37861600
37862091
37866643
37975679
38097407
38210747
38331567
38444504
38565814
38678815
38799896
38913619
39035352
39148109
39269785
39382682
39503843
39617000
39738318
39850982
39971975
40085480
40206379
40319552
40440614
40554446
40675747
40788998
40909558
41022404
41142896
41256051
41376951
41490126
41611756
41725257
41845424
41958521
42079996
42193241
42314396
42427397
42548388
42661805
42782788
42895873
43016695
43130036
43251344
43364973
43485679
43599109
43720160
43833496
43954338
44066932
44188079
44301581
44422255
44535004
44655996
44769495
44890730
45004072
45125221
45237651
45358806
45471492
45592646
45705975
45827534
45941206
46061861
46174864
46295926
46409027
46529772
46642681
46763752
46877825
46998749
47111584
47232416
47346824
47467232
47580250
47701970
47813935
47935468
48048476
48169224
48282392
48403292
48516222
48637278
48750535
48871275
48984700
49106274
49219117
49339760
49453018
49574418
49687591
49808579
49921907
50042726
50155655
50276649
50389481
50510734
50624150
50639779
50745219
50858055
50979460
51092962
51213691
51327125
51447769
51560775
51681856
51794616
51915937
52029531
52150194
52263276
52383781
52496543
52617432
52730861
52852002
52964842
53086086
53199492
53320569
53433733
53554398
53667713
53789115
53901946
54022437
54136186
54257256
54370345
54491665
54604661
54725569
54838986
54959887
55072813
55193869
55307710
55428365
55541213
55662105
55775284
55895681
56009186
56130331
56243406
56364712
56478051
56599431
56712193
56832518
56944941
57063948
57174392
57277362
57292996
57404835
57524825
57636504
57755427
57866041
57984388
58094832
58212845
58324205
58443621
58532315
58555384
58674067
58784507
58874315
58902848
59013623
59132217
59243654
59362508
59474443
59593288
59703252
59777193
59777322
59821027
59930988
60048758
60159855
60279281
60391641
60513943
60631490
60755608
60870910
60994294
61110589
61158850
61174601
61234552
61351674
61476456
61593503
61718224
61826700
61834737
61958611
62074992
62198781
62272686
62282167
62315495
62440288
62557259
62681621
62798127
62922561
62980952
63038529
63162245
63278226
63402190
63519001
63643123
63759422
63856321
63856379
63857861
63857971
63882080
63992540
64054812
64108086
64214009
64292376
64325772
64427583
64533826
64630679
64691218
64731229
64822392
64916603
64925763
64930482
65002407
65091994
65172536
65220383
65255281
65322952
65330460
65334924
65408192
65478849
65551872
65553327
65557231
65618231
65674737
65686894
65749477
65772817
65814255
65857010
65873366
65882055
65934683
65982010
65990752
66015736
66015894
66018094
66018252
66049101
66073648
66102375
66124938
66157587
66208301
66239169
66261045
66309615
66360230
66406652
66455209
66500064
66505485
66546793
66590001
66635089
66676977
66720751
66761233
66772840
66803684
66843191
66853045
66884567
66922916
66963067
67000589
67040149
67076924
67115589
67141949
67151510
67189269
67224572
67261586
67295969
67331990
67365638
67401342
67434980
67470188
67503013
67537719
67554856
67570301
67604420
67634113
67666341
67697601
67731158
67760519
67792248
67821198
67851706
67880820
67912061
67940923
67971178
67997270
67999709
68029562
68058090
68087857
68100495
68116139
68145410
68173617
68202963
68224147
68231251
68260436
68287828
68317176
68345046
68373736
68400873
68429398
68456465
68484988
68511619
68540061
68566786
68595967
68624265
68652452
68678517
68706219
68732617
68760977
68787536
68815648
68842135
68870165
68896473
68924336
68950904
68978681
69004911
69032857
69059176
69087124
69113843
69141791
69168022
69195637
69221948
69249979
69276378
69303991
69330387
69358172
69384325
69411934
69438093
69465866
69491930
69519967
69546689
69574981
69600948
69628565
69654633
69681921
69708072
69735772
69762089
69790117
69816511
69844459
69870771
69898478
69924873
69952483
69978807
70006910
70033551
70061828
70087897
70115677
70142080
70169937
70196413
70224362
70251010
70279285
70306015
70333876
70360600
70388634
70416264
70446439
70474729
70502603
70528497
70556693
70583746
70612528
70639420
70667935
70694908
70723354
70750240
70778685
70805663
70834018
70861239
70889848
70916817
70945260
70972149
71000427
71027236
71055760
71083309
71112169
71139051
71167412
71194219
71222578
71249558
71278076
71305210
71333571
71360461
71388818
71415458
71443738
71470298
71498326
71524886
71552748
71578897
71606604
71632910
71660447
71686438
71713475
71739619
71767235
71792969
71819690
71844843
71871561
71896877
71923425
71948343
71974389
71999131
72025022
72049446
72074993
72099244
72124730
72148730
72173705
72197379
72222280
72245459
72270116
72293288
72317619
72340461
72364535
72387052
72410716
72433076
72456326
72478596
72501603
72523376
72546138
72567672
72590179
72611209
72633478
72654262
72676191
72696825
72718184
72738554
72759660
72779471
72800323
72820123
72840828
72860455
72880748
72899963
72919999
72938901
72958685
72977420
72996788
73015191
73034485
73052639
73071603
73089595
73108395
73126053
73144521
73162099
73180322
73197650
73215544
73232625
73250445
73267189
73284507
73301098
73318249
73334587
73351571
73368005
73384990
73400911
73417567
73433338
73449824
73465346
73481337
73496602
73512600
73527867
73543782
73558892
73574557
73589498
73604927
73619527
73634783
73649237
73664323
73678778
73693775
73708228
73723232
73737358
73752105
73766056
73780571
73794354
73808625
73822243
73836509
73850067
73864073
73877538
73891546
73904835
73918694
73931905
73945513
73958557
73972162
73985124
73998496
74011287
74024562
74037322
74050556
74063114
74076216
74088768
74101961
74114346
74127213
74139605
74152468
74164845
74177711
74190019
74202634
74214770
74227396
74239525
74251652
74263545
74275991
74287965
74300334
74312306
74324595
74336403
74348608
74360169
74372208
74383603
74395569
74407121
74419080
74430557
74442434
74453753
74465540
74476942
74488731
74499884
74511587
74522658
74534203
74545433
74556980
74568044
74579426
74590489
74601965
74612937
74624319
74635303
74646612
74657421
74668803
74679624
74690921
74701903
74713286
74724278
74735568
74746388
74757782
74768505
74779731
74790547
74801679
74812327
74823462
74834198
74845337
74856075
74867201
74877940
74889080
74899807
74911022
74921688
74932982
74943877
74955266
74966166
74977298
74988031
74999106
75009737
75020879
75031696
75042907
75053641
75064784
75075513
75086646
75097465
75108850
75119675
75131048
75141948
75153329
75164239
75175612
75186521
75197816
75208631
75219933
75230996
75242380
75253447
75265080
75276138
75287686
75298750
75310381
75321529
75333157
75344229
75356018
75367254
75378883
75390280
75402152
75413542
75425509
75437061
75449024
75460500
75472631
75484271
75496397
75508205
75520405
75532212
75544498
75556313
75568683
75580732
75593350
75605322
75617943
75630241
75643025
75655327
75668195
75680574
75693523
75705912
75718947
75731485
75744515
75757227
75770511
75783302
75796660
75809455
75822993
75835948
75849475
75862674
75876453
75889656
75903509
75916971
75930984
75944362
75958544
75972244
75986507
76000302
76014896
76028846
76043436
76057633
76072559
76086839
76101681
76116123
76131299
76145833
76161082
76175854
76191440
76206297
76221891
76236987
76252901
76268087
76284085
76299608
76315926
76331606
76348188
76364356
76381263
76397436
76414423
76430435
76447338
76463586
76480820
76497490
76515135
76532132
76550021
76567350
76585655
76603074
76621369
76639039
76657496
76675320
76694035
76712027
76731159
76749466
76768843
76787571
76807278
76826178
76846218
76865431
76885796
76905184
76925724
76945513
76966374
76986174
77007373
77027493
77048767
77069315
77090913
77111945
77134125
77155323
77177828
77199282
77221866
77243735
77267096
77289083
77312495
77334766
77358354
77380874
77404857
77427795
77452112
77475125
77499693
77523208
77548103
77571934
77597174
77621253
77646637
77670890
77696777
77721278
77747494
77772414
77798881
77823780
77850248
77875321
77902199
77927695
77954562
77980381
78007587
78033575
78060949
78086839
78114206
78140115
78167724
78194118
78221982
78248304
78275992
78302470
78330335
78356974
78384920
78411398
78439519
78466411
78494674
78521324
78549017
78575166
78603108
78629504
78657448
78683924
78711633
78738023
78765639
78791710
78819239
78845409
78872923
78899069
78926603
78952585
78979623
79005194
79032067
79057637
79084594
79110080
79137211
79162607
79189316
79214480
79240782
79265361
79291239
79315826
79341621
79365955
79391271
79415191
79440327
79464259
79489155
79512497
79536899
79559909
79584154
79607089
79631160
79654003
79677758
79700183
79723270
79745213
79768541
79790648
79813904
79835592
79858102
79879055
79901156
79921859
79943784
79964579
79986504
80007211
80028891
80049112
80070136
80090019
80110869
80130752
80151785
80171574
80192105
80211657
80232021
80251246
80271369
80290347
80310290
80329188
80349227
80368196
80387983
80406466
80426088
80444407
80463627
80481944
80501393
80519794
80539177
80557328
80576374
80594442
80612830
80629997
80648720
80667032
80686744
80705391
80724439
80742257
80760890
80778383
80796604
80814189
80832981
80850969
80869848
80887672
80906388
80923637
80941784
80958949
80976919
80994080
81012385
81029970
81048349
81066008
81084642
81102133
81120279
81137529
81155330
81172415
81190387
81207637
81225776
81242940
81261077
81278325
81296719
81313958
81332011
81349175
81367051
81383985
81401888
81419125
81437100
81454016
81471914
81488905
81506798
81523714
81541525
81558533
81576497
81593578
81611390
81628472
81646283
81663199
81680926
81697767
81715570
81732488
81750462
81767462
81785277
81802199
81820003
81836917
81854480
81871321
81888968
81905797
81923520
81940516
81958329
81975243
81993058
82009969
82027701
82044529
82062261
82078846
82096322
82113071
82130882
82147881
82165773
82182689
82200419
82217251
82234813
82251568
82268963
82285633
82303196
82320031
82337674
82354591
82372235
82388987
82406475
82423138
82440628
82457217
82474686
82491447
82508927
82525591
82543242
82559997
82577551
82594219
82611783
82628372
82645771
82662276
82679676
82696261
82713741
82730501
82748305
82765220
82782784
82799290
82816603
82832942
82850259
82866851
82884326
82901158
82918648
82935224
82952538
82969216
82986780
83003359
83020683
83037109
83054414
83070836
83088319
83104906
83122313
83138809
83156287
83172882
83189942
83206447
83223679
83240109
83257416
83274001
83291236
83307907
83325304
83341810
83358964
83375383
83392615
83408880
83426023
83442448
83459767
83476352
83493756
83510343
83527570
83543906
83560976
83577236
83594384
83610819
83628045
83644385
83661620
83677958
83695026
83711451
83728773
83745187
83762261
83778687
83795748
83812090
83829240
83845497
83862564
83878751
83895808
83912151
83929308
83945647
83962821
83979132
83996116
84012378
84029526
84045949
84063115
84079445
84096509
84112775
84129762
84145927
84162998
84179256
84196410
84212589
84229405
84245424
84262243
84278494
84295642
84311986
84329051
84345223
84362211
84378386
84395291
84411465
84428450
84444707
84461620
84477621
84494439
84510614
84527516
84543689
84560760
84576851
84593672
84609795
84626586
84642603
84659499
84675594
84692493
84708585
84725405
84741494
84758316
84774249
84791061
84807235
84824136
84840314
84857050
84873141
84889967
84905897
84922722
84938636
84955290
84970890
84987461
85003803
85020951
85037378
85054362
85070542
85087193
85102875
85119447
85135459
85152192
85168202
85184941
85200871
85217618
85233534
85250109
85265787
85282529
85298460
85315211
85331203
85347859
85363786
85380203
85396051
85412618
85428471
85445205
85461046
85477624
85493465
85510044
85525802
85542548
85558305
85574877
85590812
85607468
85623311
85639799
85655312
85671479
85687239
85704063
85719903
85736730
85752737
85769389
85785075
85801562
85817240
85833484
85849011
85865500
85881174
85897832
85913676
85930339
85946175
85962668
85978356
85994764
86010290
86026846
86042527
86058936
86074697
86091024
86106713
86123279
86138876
86155283
86170965
86187457
86203058
86219551
86235315
86251803
86267567
86284145
86299824
86316234
86331988
86348235
86363335
86379334
86394856
86411506
86427431
86444335
86460348
86477177
86492598
86508843
86524120
86540199
86555872
86572446
86588207
86604623
86620221
86636546
86651971
86668144
86683569
86699733
86715327
86731819
86747673
86764074
86779590
86795914
86811431
86827599
86843025
86859189
86874701
86891119
86906716
86922960
86938465
86954709
86970059
86986408
87001908
87017822
87033247
87049576
87065006
87081177
87096518
87113345
87129101
87145509
87161027
87177271
87192455
87208455
87223803
87239885
87255234
87271485
87287083
87303320
87318833
87334995
87350180
87366260
87381702
87397779
87413041
87429202
87444561
87460719
87476074
87492149
87507495
87523575
87539008
87555005
87570365
87586442
87601706
87617785
87633135
87649131
87664569
87680736
87696362
87712574
87728094
87744082
87759120
87774862
87790123
87806314
87821809
87837969
87853317
87869314
87884502
87900244
87915436
87931428
87946692
87962786
87978046
87994043
88009385
88025305
88040566
88056571
88071670
88087505
88102593
88118597
88133697
88149609
88164962
88181039
88196400
88212224
88227324
88243076
88258190
88274094
88289364
88305358
88320548
88336457
88351559
88367402
88382664
88398572
88413853
88429755
88444535
88460282
88475545
88491301
88506731
88522987
88538163
88553998
88569275
88584930
88599954
88615536
88630554
88646472
88661667
88677497
88692687
88708425
88723542
88739279
88754221
88769885
88784821
88800579
88815675
88831341
88846451
88862368
88877377
88893133
88908232
88923832
88938683
88954424
88969449
88985116
89000233
89015970
89031088
89046835
89061680
89076946
89092040
89108046
89123311
89139144
89154156
89169989
89184930
89200434
89215202
89230716
89245645
89261237
89276169
89291840
89306774
89322533
89337554
89353219
89368230
89383827
89398591
89414270
89429208
89444653
89459559
89475224
89490003
89505749
89520691
89536113
89550984
89566647
89581659
89597492
89612437
89627930
89642787
89658289
89673145
89688651
89703590
89719264
89734118
89749283
89764235
89779820
89794827
89810748
89825765
89841189
89856046
89871546
89886240
89901657
89916436
89931935
89946878
89962545
89977492
89993152
90008007
90023594
90038452
90053871
90068647
90084232
90099087
90114671
90129607
90145031
90159888
90175389
90190084
90205338
90220029
90235449
90250222
90265736
90280665
90296085
90310368
90325789
90340894
90356489
90371417
90387259
90402274
90417867
90432881
90448389
90463244
90478580
90493354
90508774
90523549
90539138
90554242
90569991
90585022
90600848
90615786
90631373
90646319
90661979
90677011
90692929
90708269
90724185
90739536
90755698
90770885
90786882
90802399
90818398
90833585
90849750
90865186
90881341
90896863
90913190
90928863
90945521
90961449
90978026
90993867
91010451
91026210
91043195
91059535
91076685
91093197
91110344
91126766
91144000
91160259
91177418
91193833
91211234
91227910
91245466
91262303
91280117
91297116
91315010
91332265
91350729
91367983
91386282
91403862
91422164
91439742
91458465
91476451
91495414
91513651
91533192
91551677
91571139
91589789
91609414
91628473
91648432
91667566
91687932
91707411
91727771
91747252
91767447
91787171
91808356
91829228
91851246
91872198
91894140
91914343
91935872
91956823
91979501
92001366
92024201
92045809
92068327
92089769
92112855
92135212
92159043
92181727
92205554
92227999
92251822
92274181
92298411
92321341
92345911
92369346
92394243
92417915
92442890
92467061
92492205
92515880
92541107
92565284
92590913
92614998
92640648
92665219
92691022
92715436
92741331
92766002
92792203
92817445
92843834
92868582
92894713
92919381
92945678
92970916
92997550
93022622
93048922
93074088
93100790
93126032
93152576
93177487
93204117
93229363
93255909
93281146
93307529
93332696
93359072
93384063
93410363
93435197
93461253
93485989
93511873
93536537
93562339
93587010
93612558
93636821
93662284
93686205
93711432
93735281
93760420
93784418
93809406
93832988
93857564
93880570
93904805
93927657
93951807
93974408
93998235
94020507
94043926
94066026
94089107
94110966
94133720
94155168
94177517
94198796
94220970
94241932
94263935
94284560
94306160
94326622
94347735
94367777
94388883
94408605
94429384
94449015
94469379
94488682
94508966
94528019
94547888
94566617
94586154
94604643
94623927
94642079
94661042
94678957
94697580
94715325
94734032
94751698
94769995
94787157
94805132
94822213
94840107
94857028
94874591
94891253
94908486
94924824
94941810
94957906
94974804
94990818
95007558
95023393
95039969
95055650
95071898
95087248
95103242
95118428
95134258
95149360
95165184
95180206
95195826
95210566
95225823
95240432
95255521
95269963
95284971
95299336
95314347
95328452
95343210
95357246
95371846
95385705
95400064
95413838
95428272
95441889
95456075
95469615
95483794
95497167
95511184
95524557
95538500
95551789
95565635
95578766
95592539
95605576
95619182
95631978
95645337
95657886
95671165
95683888
95697072
95709703
95722979
95735529
95748645
95761024
95773971
95774751
95775911
95786439
95793839
95793952
95799238
95811439
95824306
95836607
95849553
95861616
95874225
95886363
95898978
95911033
95921757
95923568
95924985
95935871
95948489
95960309
95972833
95984968
95997589
96009558
96022019
96033901
96046272
96058078
96070369
96082257
96094553
96106436
96118808
96130533
96142819
96154629
96167008
96178650
96191107
96202903
96215123
96227088
96239541
96251350
96263711
96275601
96287816
96299617
96311902
96323637
96335998
96347886
96360175
96371983
96384351
96396326
96404907
96404961
96405048
96406152
96406262
96408613
96420586
96431988
96433205
96445097
96457548
96469605
96482311
96494439
96506983
96519033
96531572
96543625
96556319
96568462
96581079
96593373
96606239
96618375
96631239
96643542
96656656
96669287
96682316
96694791
96707986
96720529
96733557
96746274
96759650
96772434
96785713
96798514
96811947
96824661
96838105
96851156
96864682
96877799
96891736
96905110
96919213
96932500
96946436
96959975
96973994
96987532
97001716
97015417
97029684
97043470
97058066
97071942
97086530
97100644
97115405
97129521
97144373
97158563
97173658
97188022
97203103
97217556
97232810
97247495
97263087
97278101
97293857
97309035
97324948
97340057
97355888
97371327
97387570
97403000
97419320
97435084
97451661
97467506
97484160
97500174
97516991
97533176
97550153
97566410
97583648
97600314
97617873
97633670
97634549
97652352
97669351
97687245
97704496
97722633
97740040
97758428
97775919
97794387
97812128
97830848
97848753
97867798
97886119
97905330
97923981
97943602
97962261
97982047
98000853
98020722
98040033
98060403
98079705
98100314
98120125
98140902
98160870
98181892
98202345
98224192
98245075
98266914
98287297
98308820
98329612
98351623
98372984
98395664
98417107
98439707
98461148
98483736
98505600
98528763
98551121
98574533
98596731
98620137
98642502
98666402
98689170
98713251
98736110
98760176
98783119
98807422
98830688
98855256
98878607
98903249
98926595
98951244
98974591
98999494
99023091
99048157
99071991
99096968
99120725
99145789
99169300
99194359
99218205
99243431
99267098
99292163
99316173
99340977
99364487
99389054
99412404
99436973
99460319
99484875
99508228
99532706
99555888
99580208
99603224
99627212
99650231
99674055
99696740
99720651
99743166
99766912
99789269
99812680
99834785
99858037
99879815
99903000
99924764
99947763
99969379
99991885
100013178
100035471
100056721
100078819
100099853
100121777
100142404
100163928
100184216
100205736
100225948
100247391
100267596
100288867
100309162
100330434
100350319
100371104
100390568
100411014
100430240
100450526
100469909
100490114
100509497
100529292
100548024
100567645
100586296
100605838
100624473
100644097
100662744
100682200
100700682
100719898
100738122
100757251
100775483
100794691
100812924
100831969
100850039
100869009
100886913
100905704
100923775
100942573
100960396
100979272
100997271
101015978
101033961
101052758
101070585
101089460
101107286
101125997
101143818
101162703
101180602
101199485
101217144
101235784
101253850
101272805
101290967
101310006
101328157
101347040
101365033
101383824
101401902
101420947
101439180
101458227
101476623
101495837
101514154
101533523
101551922
101571381
101589697
101609239
101627804
101647519
101666322
101686439
101705414
101725541
101744593
101764711
101783935
101804135
101823276
101843486
101862946
101883485
101903360
101924383
101944605
101965867
101986243
102007518
102027728
102049082
102068635
102089996
102110942
102133452
102154825
102177160
102198279
102220456
102241411
102263836
102285452
102308534
102330644
102353727
102375672
102398775
102420702
102443726
102465817
102489315
102511585
102535328
102557848
102581752
102604356
102628177
102650867
102674855
102697536
102721699
102744539
102768694
102791790
102816111
102839373
102863694
102886792
102911192
102934128
102958202
102981061
103005384
103028473
103052960
103075986
103099966
103122739
103146973
103170244
103194886
103218237
103242800
103265896
103290134
103313147
103337634
103361069
103385626
103408888
103433378
103456474
103480876
103503965
103528532
103551799
103576278
103599545
103624105
103647285
103671765
103694944
103719355
103742441
103767014
103790188
103814595
103837605
103861922
103885019
103909337
103932431
103956760
103979853
104004082
104027096
104051413
104074511
104098914
104121686
104145503
104168433
104193089
104216590
104241330
104264341
104288333
104311010
104335088
104358102
104382423
104405519
104429677
104452434
104476593
104499270
104523096
104545866
104569857
104592622
104616684
104639533
104663520
104686125
104709866
104732310
104756212
104778896
104802805
104825406
104849148
104871502
104895006
104917359
104940848
104963204
104986945
105009381
105033043
105055398
105078816
105100923
105124577
105146764
105169277
105190963
105214211
105236659
105260224
105282247
105305410
105327189
105350196
105371974
105394965
105416751
105439581
105461110
105483697
105505151
105527814
105549261
105571939
105593299
105615805
105637099
105659430
105680468
105702487
105723279
105745117
105765907
105787753
105808297
105829978
105850363
105871707
105891838
105912951
105932664
105953605
105973323
105994262
106013899
106034514
106053989
106074180
106093496
106113611
106132746
106152697
106171592
106191387
106209952
106229566
106247887
106267009
106285080
106303960
106322032
106340831
106358663
106377370
106395034
106413494
106430904
106449049
106466206
106484179
106501106
106518742
106535323
106552719
106569229
106586537
106602958
106620278
106636542
106653439
106669442
106686186
106701939
106718270
106733945
106750269
106765710
106781700
106796967
106812884
106827903
106843660
106858672
106874259
106889192
106904859
106919735
106935220
106949828
106965250
106979775
106994874
107009155
107024069
107038269
107053027
107067223
107081978
107096028
107110611
107124395
107138751
107152527
107166803
107180418
107194350
107207724
107221579
107235047
107249141
107262510
107276609
107290062
107303921
107317207
107331147
107344183
107357882
107370832
107384363
107397081
107410271
107422986
107436419
107449543
107463237
107476276
107489967
107502928
107516448
107529329
107542689
107555315
107568596
107581227
107594504
107607377
107620734
107633527
107646980
107659771
107673212
107685918
107699275
107712071
107725348
107737977
107751255
107764059
107777328
107789965
107803325
107816118
107829553
107842439
107855874
107868759
107882195
107895006
107908347
107921139
107934498
107947376
107960819
107973785
107987466
108000512
108014445
108028149
108042332
108055872
108069813
108083178
108097120
108110328
108123927
108137297
108151562
108165440
108180106
108194140
108208660
108222683
108237195
108251061
108265493
108279444
108294118
108308232
108323240
108337768
108353019
108367638
108382964
108397740
108413075
108427684
108443020
108457718
108473056
108488070
108503743
108518924
108535082
108550521
108566759
108582274
108598602
108614368
108630934
108646783
108663112
108678706
108695275
108711456
108728599
108745270
108762923
108779673
108797067
108813825
108831470
108848307
108865947
108883027
108900998
108918249
108936558
108953963
108972520
108990252
109008886
109026717
109045593
109063577
109082386
109100530
109119742
109138068
109157764
109176501
109196209
109215173
109234884
109253783
109273725
109292952
109313478
109332784
109352818
109371959
109392330
109411958
109433063
109453112
109474382
109494345
109515543
109535756
109556937
109577072
109598418
109618885
109640562
109661184
109683208
109703913
109725920
109746790
109768645
109789264
109811121
109831902
109854080
109875369
109897873
109919157
109941671
109963034
109985289
110006088
110028257
110049379
110072221
110094158
110116911
110138525
110160865
110182314
110204912
110226274
110249108
110270893
110293888
110315671
110338341
110359795
110382139
110403511
110426338
110448122
110470954
110492660
110515498
110536944
110559617
110581148
110603729
110625514
110648430
110670038
110692877
110714488
110737407
110759025
110781700
110802904
110825653
110847426
110870589
110892542
110915619
110937237
110960067
110981759
111004704
111026295
111049132
111070416
111093096
111114644
111137622
111159649
111183153
111205498
111229167
111251517
111275260
111297944
111322429
111345942
111371086
111395086
111420805
111445305
111471350
111496428
111523229
111548457
111575414
111601063
111628597
111655405
111684094
111711393
111740655
111769035
111798631
111827237
111858151
111888262
111920733
111951994
111985123
112016462
112050265
112083410
112119443
112153981
112191320
112227111
112265772
112303035
112343505
112382506
112425374
112467014
112512345
112556212
112603930
112650024
112701034
112751086
112805975
112859235
112918248
112975953
113040250
113103225
113173939
113243442
113322402
113400875
113489725
113578669
113680630
113783822
113903572
114028116
114175556
114329118
114515621
114718352
114974232
115258805
115628063
116039788
116534896
117021373
117530657
117981524
118426525
118798839
119151607
119450182
119745842
120002960
120259075
120483223
120711314
120917842
121127630
121317417
121515111
121691638
121871444
122035351
122205842
122362252
122525250
122674985
122831293
122974281
123123676
123261481
123406415
123542064
123683809
123814500
123949060
124074013
124206352
124328237
124456974
124577121
124702865
124818494
124940865
125054020
125173767
125285442
125402628
125512398
125627268
125733995
125846725
125950488
126061007
126162792
126271754
126371637
126479427
126582207
126693370
126798301
126913986
127028055
127154065
127279587
127422151
127565951
127728456
127889233
128072991
128247276
128430546
128600144
128779276
128945576
129119871
129280986
129450247
129605833
129772623
129929543
130093357
130245065
130405013
130552775
130710333
130856766
131010116
131152933
131303971
131443743
131591565
131729028
131872071
132006414
132149299
132280087
132420015
132550389
132687259
132815913
132950574
133076497
133209996
133333457
133464239
133586454
133715258
133836083
133963800
134082477
134207240
134325671
134449445
134565234
134685787
134795154
134908877
135013137
135121489
135221046
135324958
135421138
135522993
135618345
135718561
135812839
135912918
136006340
136105631
136199831
136299628
136393579
136493864
136588315
136688354
136782138
136882008
136975959
137075594
137169037
137268987
137363184
137463626
137557745
137658184
137752626
137853326
137946699
138046573
138139951
138239500
138333047
138432748
138526208
138626090
138720122
138820167
138913702
139013574
139107115
139206830
139300209
139399908
139493699
139593742
139688020
139787395
139880041
139980414
140074288
140174407
140268120
140367994
140461625
140561412
140655128
140755579
140849608
140949972
141043927
141143966
141237675
141338133
141431920
141531888
141625914
141726535
141821317
141922344
142016378
142115685
142210039
142310407
142404443
142504564
142598437
142697987
142791931
142891805
142985675
143085794
143180239
143280119
143374484
143475100
143569551
143670909
143765512
143867530
143961072
144060853
144155143
144255998
144350037
144450326
144544522
144645228
144739911
144840437
144934889
145035828
145129864
145230139
145324758
145425622
145520149
145620608
145715061
145815826
145910442
146011137
146105497
146206529
146300977
146401676
146497030
146600612
146700008
146809851
146916903
147035728
147152851
147284267
147416285
147566479
147717976
147892909
148074519
148293042
148544114
148899267
149590752
150616351
151566368
Senor Log For Sensor 3
0
26650315
26854175
27275763
27472523
27783850
28080062
28123347
28256791
28579380
28716341
28910342
29012151
29155954
29464413
29532823
29573871
29780005
30112240
30267488
30560004
30671489
31052664
31078385
31185885
31378613
31441315
31522093
31730777
32089456
32190380
32386997
32567688
32836712
33004525
33361341
33591328
34308209
35214806
37193451
37537657
37862129
50639818
53258245
57277367
58532348
58874358
59777230
59811524
60487094
61158885
61174633
61826737
62272751
62282200
62980988
63856409
63857899
64054813
64291840
64292410
64691251
64726557
64925774
64930523
65052728
65203250
65220383
65322986
65398938
65514729
65517660
65543483
65557264
65636989
65674781
65772853
65857052
65882090
65923479
65982042
66015781
66018136
66073650
66111203
66124971
66239173
66505519
66772885
66853079
67141992
67554900
67997275
68100542
68224183
95774792
95793880
95921792
95925026
96404958
96406183
96432019
Senor Log For Sensor 4
0
23897447
24260294
24540326
24766145
24972961
25150644
25319885
25473550
25622911
25758145
25889753
26011119
26131570
26244608
26356562
26463625
26573677
26650276
26680506
26791302
26854141
26898910
27009786
27117071
27227643
27275728
27334780
27445957
27472487
27553100
27664130
27770649
27783815
27880839
27987977
28098635
28123312
28206923
28317490
28424254
28534592
28579343
28641897
28752685
28859751
28910307
28970771
29012115
29078070
29155919
29156068
29189785
29298538
29411016
29464377
29519536
29532789
29532924
29573838
29631125
29739033
29779971
29780106
29852287
29963712
30080577
30112206
30189708
30267452
30291628
30390736
30494038
30559968
30594363
30671454
30671569
30697521
30796630
30899467
30999554
31052630
31078352
31103175
31185851
31203884
31309172
31378579
31412798
31441282
31519683
31522060
31622006
31729585
31730743
31836186
31948575
32056866
32089421
32089559
32165279
32190346
32275006
32386957
32387076
32391268
32511260
32567654
32631233
32746486
32836678
32865676
32978088
33004491
33004619
33094471
33207888
33324198
33361307
33436001
33552080
33591290
33665730
33782721
33895145
34009908
34119509
34232359
34308163
34342112
34456655
34569296
34686306
34802865
34922157
35038032
35157237
35214770
35272347
35390801
35506297
35626425
35742534
35861890
35977377
36096678
36212470
36331526
36446637
36565931
36682416
36801635
36917503
37036564
37152964
37193414
37272332
37387829
37506351
37537623
37621613
37740452
37855946
37862093
37862252
37974852
38090807
38210392
38326273
38444634
38559853
38678738
38793998
38912454
39027245
39145927
39261397
39379857
39495423
39615564
39729592
39846671
39962223
40080671
40196550
40315905
40431250
40549152
40665634
40784476
40899123
41017119
41132230
41251061
41366089
41485152
41599947
41718094
41833422
41951193
42066448
42185359
42301003
42419308
42534344
42653015
42768663
42886742
43001767
43120059
43235161
43355382
43470790
43588255
43703820
43823798
43936926
44055906
44171390
44289765
44405024
44523708
44639199
44756804
44873226
44991756
45107249
45225011
45339799
45458261
45573972
45691975
45807093
45926148
46041404
46159634
46274744
46393655
46509149
46627897
46743018
46860695
46977335
47095019
47210216
47328903
47445079
47564071
47679548
47797546
47913501
48030114
48144560
48265606
48380485
48498944
48614496
48733261
48847908
48967053
49082164
49201155
49315957
49434628
49549291
49668878
49783912
49902215
50017025
50135931
50250587
50369334
50484374
50602685
50639780
50718707
50837246
50952120
51070671
51186635
51305391
51419509
51537817
51652845
51772002
51886813
52005033
52120988
52240501
52355388
52472992
52587419
52705490
52821529
52940752
53055939
53174177
53289357
53408494
53523841
53641761
53756796
53876005
53990892
54109181
54224212
54342891
54458827
54577214
54691787
54810403
54926050
55044422
55159388
55277985
55393706
55512020
55626901
55745267
55860541
55979445
56094794
56212872
56328832
56447976
56563009
56681845
56796577
56913960
57027682
57144142
57256638
57373024
57486760
57604833
57718256
57833877
57946073
58062528
58175170
58291558
58404432
58521813
58532313
58635604
58751293
58863334
58874324
58874464
58979484
59092501
59208816
59322081
59438616
59551655
59667655
59777194
59780229
59896013
60008059
60124749
60239468
60357697
60472424
60487044
60487240
60590502
60705625
60823306
60936818
61054266
61158851
61169918
61174601
61292587
61410681
61532358
61650219
61772742
61826701
61891000
62012511
62130077
62251531
62272714
62282168
62370318
62493601
62612472
62734443
62852848
62975126
62980953
63093224
63214530
63332082
63454061
63573162
63695208
63812791
63856333
63856373
63856517
63857862
63858041
63932597
64047550
64164697
64275143
64291807
64291991
64292376
64387095
64492559
64594864
64691077
64691218
64787986
64879128
64901917
64930492
64969569
65052695
65054677
65139776
65203207
65220077
65299895
65322953
65334935
65374223
65449372
65514695
65517629
65519872
65557234
65590814
65636956
65658331
65674747
65724291
65772819
65786209
65848959
65857019
65882058
65908599
65967983
65982010
66015748
66018096
66023855
66080035
66111161
66124940
66133468
66187183
66237950
66288917
66337676
66386879
66433581
66480568
66505486
66525666
66571349
66614921
66658761
66700654
66743274
66772842
66784150
66825482
66853045
66864840
66905089
66943758
66983115
67020999
67059570
67096633
67134361
67141949
67170507
67207549
67243389
67279741
67314811
67350551
67384706
67419678
67453527
67487888
67521191
67554865
67555013
67588103
67622226
67655239
67688827
67721305
67754207
67788353
67824789
67857407
67889403
67920651
67954159
67987329
68021077
68053083
68084933
68100507
68116862
68149537
68181393
68213532
68224149
68244787
68277232
68308854
68341080
68372090
68404006
68435716
68467543
68498261
68529792
68560887
68592864
68623807
68655266
68686131
68717428
68747297
68778129
68808153
68839375
68869786
68901004
68931484
68962416
68992501
69023034
69053141
69083974
69113994
69144845
69175010
69205543
69235342
69265722
69295363
69325662
69355374
69386071
69415777
69446544
69476419
69506876
69536898
69567616
69597457
69627986
69657786
69688319
69717346
69747268
69776902
69807623
69837470
69868076
69898022
69928402
69957649
69987416
70016374
70046519
70076166
70106462
70136101
70166030
70195054
70224815
70254071
70283992
70313332
70343408
70372740
70402732
70431682
70461452
70490637
70520782
70550723
70580493
70607993
70637562
70667476
70698391
70727885
70757735
70786220
70815084
70842951
70872028
70900752
70930214
70959022
70988244
71016421
71045053
71072927
71101395
71129273
71157813
71186006
71214926
71242729
71270666
71298009
71326012
71353355
71381371
71408558
71436185
71463000
71490316
71516972
71544286
71570874
71597961
71624307
71651253
71677598
71704618
71730966
71757668
71783557
71809663
71835020
71861108
71886616
71912718
71937988
71963864
71988980
72014464
72039218
72064470
72088983
72114085
72138439
72163235
72187466
72211932
72235762
72259871
72283306
72307334
72330623
72354345
72377253
72400681
72423505
72446777
72468918
72491572
72513559
72535978
72557746
72579781
72601389
72623193
72644420
72665848
72686915
72708274
72728886
72749929
72770311
72790890
72810965
72831174
72850943
72870916
72890531
72910417
72929890
72949626
72968943
72988369
73007410
73026665
73045365
73064256
73082657
73101011
73119025
73137160
73154937
73172856
73190322
73208084
73225318
73242769
73259942
73277229
73294024
73311006
73327792
73344628
73361119
73377867
73394120
73410655
73426823
73442972
73458843
73474906
73490400
73506080
73521574
73537256
73552516
73567747
73582922
73598456
73613400
73628553
73643511
73658432
73673222
73687993
73702335
73716717
73730980
73745295
73759490
73773782
73787975
73802288
73816394
73830552
73844498
73858589
73872379
73886089
73899728
73913204
73926694
73940009
73953197
73966515
73979551
73992798
74005913
74018993
74031956
74045115
74058073
74071103
74083893
74096822
74109551
74122189
74134831
74147466
74159967
74172354
74184622
74197032
74209293
74221622
74233806
74246129
74258319
74270717
74282847
74295094
74307042
74319060
74331023
74342891
74354770
74366718
74378367
74390086
74401592
74413292
74424949
74436513
74448094
74459804
74471311
74482939
74494446
74506078
74517740
74529365
74540712
74552268
74563783
74575175
74586599
74598015
74609206
74620452
74631495
74642682
74653716
74664821
74676014
74687291
74698306
74709565
74720837
74732009
74743213
74754302
74765360
74776375
74787348
74798212
74809104
74820121
74830956
74841891
74852696
74863640
74874616
74885630
74896530
74907629
74918520
74929542
74940502
74951524
74962571
74973741
74984795
74995505
75006250
75017114
75027924
75039029
75049926
75060869
75071907
75083092
75094062
75105072
75116124
75127252
75138337
75149442
75160564
75171809
75183015
75194262
75205459
75216409
75227454
75238483
75249600
75260772
75272048
75283376
75294725
75306197
75317639
75329117
75340620
75352093
75363531
75375097
75386513
75397985
75409576
75421200
75432865
75444494
75456073
75467781
75479456
75491386
75503273
75515281
75527107
75539193
75551309
75563481
75575436
75587610
75599652
75611966
75624087
75636482
75648981
75661613
75673961
75686591
75699244
75712092
75724824
75737612
75750333
75763275
75776149
75789169
75802044
75815138
75828242
75841635
75854907
75868454
75881874
75895566
75908989
75922769
75936411
75950256
75963989
75977990
75991870
76006022
76020058
76034285
76048472
76062865
76077194
76091973
76106454
76121148
76135875
76151019
76165899
76181052
76196077
76211460
76226559
76241869
76257343
76273116
76288824
76304742
76320460
76336530
76352543
76368924
76385176
76401701
76418110
76434784
76451424
76468263
76485125
76502182
76519120
76536494
76553814
76571501
76588975
76606878
76624654
76642944
76660877
76679338
76697715
76716386
76734938
76753834
76772540
76791442
76810447
76829962
76849272
76868941
76888481
76908608
76928378
76948726
76968956
76989700
77010076
77031051
77051654
77072939
77093846
77115358
77136503
77158389
77179989
77202190
77224098
77246747
77268889
77291698
77314206
77337251
77359844
77383421
77406551
77430274
77453572
77477592
77501117
77525450
77549354
77573997
77598199
77622922
77647580
77672835
77697576
77723139
77748338
77774060
77799332
77825274
77850704
77876732
77902316
77928724
77954608
77981313
78007444
78034379
78060579
78087519
78114021
78141108
78167613
78194857
78221597
78248910
78275804
78303280
78330170
78357711
78384594
78412069
78438975
78466589
78493478
78521028
78547750
78575005
78602045
78629441
78656169
78683651
78710533
78737859
78764897
78791902
78818415
78845360
78871396
78898100
78924143
78950774
78976820
79003385
79028883
79055150
79080503
79106289
79131411
79156823
79181570
79206741
79231260
79256134
79280337
79305052
79328886
79352915
79376427
79400308
79423526
79447401
79470619
79494038
79516783
79539677
79562125
79585152
79607221
79629881
79651718
79673988
79695445
79717330
79738554
79760054
79781506
79803167
79824694
79846743
79867660
79888473
79908621
79928990
79948837
79969272
79989188
80009547
80029630
80049916
80069682
80089432
80108590
80127948
80147111
80166708
80185931
80205534
80224765
80244128
80262981
80281963
80300379
80318954
80337419
80356088
80374713
80393539
80411937
80430443
80448301
80466361
80484072
80502363
80520299
80538891
80556855
80575192
80593429
80610950
80628192
80645655
80663126
80681032
80698893
80717647
80735877
80754626
80772865
80791091
80808172
80824935
80841806
80859176
80876335
80893633
80910884
80928327
80945348
80962569
80979038
80995801
81012288
81029194
81045912
81062980
81079839
81097133
81114141
81131433
81148074
81164599
81180771
81197388
81213703
81230615
81247249
81264235
81281106
81298239
81315028
81331870
81348033
81364567
81381046
81397666
81414129
81430734
81447300
81464278
81480756
81497593
81514307
81530910
81547240
81563852
81580206
81596862
81613328
81630164
81646643
81663328
81680033
81696761
81713050
81729660
81745983
81762742
81779146
81795539
81811995
81828231
81844480
81860928
81877192
81893712
81909888
81926413
81942668
81959196
81975597
81992277
82008537
82025066
82041317
82057617
82073712
82089932
82106180
82122790
82139580
82156486
82173118
82189966
82206595
82223346
82239457
82256134
82272145
82288606
82304703
82321152
82337327
82353787
82370184
82386645
82403193
82419495
82435672
82452120
82468063
82484371
82500544
82516990
82533171
82549847
82566021
82582558
82598811
82615025
82631129
82647355
82663290
82679593
82695618
82712064
82728238
82744624
82760723
82777023
82792888
82809039
82824829
82840971
82857076
82873675
82889697
82906164
82922413
82938936
82955192
82971641
82987591
83003743
83019456
83035453
83051313
83067385
83083414
83099639
83115806
83132038
83148203
83164430
83180297
83196528
83212166
83228161
83244025
83260248
83276044
83292414
83308436
83324670
83340763
83357222
83373162
83389540
83405322
83421396
83437269
83453418
83469199
83485353
83501216
83517376
83533394
83549458
83565487
83581482
83597200
83613261
83629283
83645439
83661306
83677459
83693314
83709397
83725261
83741479
83757351
83773424
83789133
83805061
83820850
83836765
83852478
83868482
83884350
83900421
83916279
83932430
83948227
83964292
83980234
83996151
84011947
84028100
84043814
84059885
84075742
84091671
84107536
84123226
84138785
84154552
84170258
84186177
84202052
84218043
84233828
84249673
84265309
84281075
84296637
84312639
84328350
84344420
84360220
84376289
84392001
84407845
84423320
84439102
84454573
84470342
84485750
84501438
84517073
84532924
84548628
84564474
84579957
84595720
84611138
84626902
84642386
84658152
84673703
84689549
84705183
84721035
84736552
84752206
84767615
84783142
84798558
84814316
84829878
84845797
84861438
84877279
84892691
84908380
84923944
84939626
84954879
84970495
84985900
85001666
85017462
85033756
85049626
85065694
85081493
85097333
85113047
85129113
85144367
85159756
85175096
85190694
85206101
85221944
85237515
85253356
85268916
85284528
85299784
85315172
85330345
85345801
85360982
85376533
85391914
85407528
85423014
85438779
85454262
85469717
85485052
85500591
85515997
85531687
85546781
85562401
85577721
85593486
85608904
85624434
85639839
85655380
85670474
85685707
85700981
85716735
85732520
85748284
85763923
85779679
85795163
85810930
85826648
85842031
85856972
85872208
85887303
85902767
85918023
85933484
85948890
85964429
85979682
85995133
86010251
86025473
86040570
86055881
86071135
86086597
86101923
86117231
86132483
86147713
86162814
86178274
86193450
86208760
86224166
86239393
86254576
86270112
86285286
86300447
86315623
86330855
86345879
86361035
86376213
86391365
86406468
86422078
86437637
86453102
86468357
86484039
86499455
86514682
86529478
86544477
86559276
86574429
86589369
86604626
86619779
86635086
86650341
86665724
86680824
86696133
86711091
86726240
86741192
86756339
86771371
86786516
86801548
86816769
86831728
86846882
86861749
86876907
86891929
86907228
86922413
86937795
86952589
86967668
86982684
86997996
87012792
87027945
87042971
87058047
87072988
87088066
87103101
87118703
87134265
87150028
87165599
87181516
87197232
87212308
87227019
87242027
87256968
87271974
87286843
87302155
87317332
87332795
87347809
87362972
87378149
87393682
87408405
87423472
87438356
87453346
87468377
87483533
87498556
87513854
87528577
87543656
87558676
87573527
87588403
87603470
87618274
87633342
87648072
87663080
87677792
87692787
87707582
87722727
87737681
87752746
87767470
87782552
87797335
87812417
87827447
87842369
87857241
87872467
87887571
87902965
87917509
87932519
87947160
87962228
87977034
87991950
88006670
88021600
88036232
88051159
88065877
88080660
88095288
88110287
88125006
88139864
88154734
88169572
88184298
88199447
88214093
88229017
88243956
88259043
88273518
88288523
88303009
88317867
88332571
88347585
88362366
88377062
88391782
88406632
88421053
88435741
88450239
88464929
88479487
88494486
88509353
88524137
88538779
88553856
88568793
88584109
88598827
88613291
88627776
88642473
88656874
88671725
88686365
88701450
88716157
88731160
88746103
88761270
88775737
88790297
88804863
88819471
88833966
88848739
88863304
88878141
88892948
88907720
88922210
88936985
88951232
88965921
88980413
88995424
89009834
89024524
89039164
89054021
89068423
89083130
89097543
89112454
89127419
89142487
89157366
89172521
89187317
89202308
89217190
89232340
89247059
89261593
89276004
89290632
89305122
89319894
89334534
89349298
89363874
89378482
89392890
89407292
89421780
89436309
89450725
89465502
89479838
89494448
89508864
89523413
89537891
89552596
89567009
89581550
89595962
89610660
89625220
89640073
89654636
89669094
89683430
89698048
89712228
89726699
89741109
89755659
89770072
89784755
89799410
89814102
89828437
89843057
89857611
89872462
89887124
89901577
89915989
89930451
89944857
89959560
89973975
89988744
90003157
90017613
90032180
90046729
90061066
90075748
90090163
90104714
90119193
90133736
90148229
90162777
90177176
90191720
90206053
90220528
90234945
90249475
90264039
90278745
90293300
90308073
90322644
90337185
90351749
90366667
90381383
90396086
90410729
90425727
90440518
90455369
90470081
90485159
90499807
90514425
90528991
90543831
90558398
90573398
90588267
90603278
90618139
90633291
90648242
90663323
90677965
90692890
90707607
90722675
90737625
90752778
90767882
90783263
90798525
90813901
90828925
90844322
90859564
90874870
90890279
90905891
90921224
90936911
90952556
90968400
90983885
90999649
91015287
91031126
91046761
91062839
91078851
91095233
91111257
91127628
91143878
91160407
91176579
91192958
91209290
91225889
91242220
91259061
91275531
91292608
91309384
91326757
91343626
91360993
91378090
91395539
91412856
91430452
91447927
91465843
91483467
91501451
91519238
91537526
91555459
91573831
91591837
91610282
91628592
91647573
91666266
91685176
91703875
91722780
91741707
91761065
91780073
91799662
91819123
91839331
91859333
91879914
91900297
91921046
91941122
91961702
91981785
92002298
92022995
92044568
92065859
92087527
92108740
92129875
92150780
92172371
92193890
92216093
92238163
92260733
92283030
92305832
92328051
92350933
92373303
92396498
92419250
92442585
92465496
92489223
92512584
92536542
92560206
92584469
92608606
92633463
92657827
92682938
92707372
92732326
92756527
92781787
92806456
92832016
92856983
92882864
92908052
92933844
92959201
92985151
93010823
93036979
93062488
93088740
93114399
93140667
93166400
93192648
93218312
93244481
93269909
93295964
93321295
93347308
93372672
93398465
93423820
93449615
93474890
93500523
93525582
93551057
93576032
93601288
93625956
93650980
93675425
93700223
93724431
93748986
93773053
93797468
93821214
93845394
93869061
93893175
93916549
93939889
93962493
93985673
94008205
94031394
94053916
94076957
94099325
94122059
94144044
94166235
94187614
94209504
94230648
94252233
94273065
94294428
94315190
94336231
94356777
94377591
94397745
94418246
94438169
94458232
94478003
94497899
94517281
94536958
94556040
94575398
94594182
94613238
94631777
94650603
94668848
94687216
94705385
94723525
94741305
94759373
94776987
94794743
94812303
94829907
94847092
94864443
94881470
94898453
94915244
94932381
94948791
94965556
94981875
94998182
95014282
95030429
95046219
95062364
95078155
95093852
95109416
95125264
95140824
95156288
95171541
95187077
95202023
95217254
95232131
95247134
95261928
95276780
95291334
95306037
95320452
95334997
95349253
95363637
95377905
95392062
95406017
95420168
95434120
95448131
95462005
95475948
95489586
95503364
95517020
95530565
95543981
95557598
95570795
95584188
95597446
95610765
95623875
95636888
95649930
95662933
95675816
95688910
95701785
95714719
95727451
95740315
95753119
95765906
95774753
95778510
95791370
95793849
95803957
95816732
95829079
95841565
95853984
95866536
95879119
95891512
95903850
95916185
95921759
95924995
95928366
95940614
95952958
95965361
95977401
95989729
96002003
96014396
96026669
96038911
96050954
96063125
96075154
96087107
96098984
96111007
96122891
96134995
96147022
96159050
96171156
96183327
96195298
96207544
96219882
96232136
96244171
96256269
96268309
96280328
96292212
96304154
96316121
96328204
96340176
96352261
96364381
96376627
96388679
96400926
96404918
96406152
96413116
96425356
96431989
96437552
96449807
96461992
96474179
96486367
96498621
96510816
96522907
96535029
96547352
96559622
96572170
96584666
96597297
96609806
96622426
96635011
96647711
96660292
96672990
96685687
96698281
96710774
96723480
96736055
96748846
96761731
96774893
96787931
96801167
96814429
96827748
96841015
96854253
96867522
96881003
96894417
96907812
96921235
96934770
96948119
96961823
96975538
96989315
97003196
97017435
97031470
97045654
97059737
97074193
97088462
97102919
97117342
97132037
97146604
97161226
97175707
97190479
97205121
97219978
97234774
97249930
97265102
97280726
97296200
97311975
97327537
97343456
97359109
97374938
97390493
97406345
97422058
97438049
97454145
97470759
97487239
97504070
97520706
97537698
97554564
97571786
97588719
97606100
97623337
97640954
97658414
97676251
97693952
97712097
97729956
97748241
97766484
97785075
97803541
97822450
97841151
97860360
97879294
97898799
97918036
97937847
97957398
97977437
97997204
98017570
98037638
98058230
98078688
98099808
98120486
98141845
98162840
98184333
98205637
98227301
98248975
98271255
98293089
98315504
98337339
98359618
98381907
98405024
98427934
98451579
98474716
98498431
98521570
98545216
98568428
98592308
98615824
98640165
98663835
98688165
98712070
98736708
98760991
98785632
98809832
98834464
98858761
98883930
98908526
98933780
98958514
98983777
99008368
99033543
99058290
99083679
99108591
99134142
99158981
99184300
99208975
99233919
99258587
99283700
99308352
99333449
99358125
99383606
99408045
99432913
99456964
99481377
99505285
99529920
99554130
99578704
99602682
99627228
99650987
99675257
99698918
99722873
99746017
99769743
99792723
99816211
99839050
99862157
99884989
99908089
99930616
99953651
99976039
99998617
100020595
100042937
100064620
100086660
100108044
100129770
100151002
100172423
100193347
100214537
100235461
100256590
100277278
100298086
100318619
100339365
100359513
100379944
100399645
100419689
100439234
100458974
100478528
100498651
100518423
100538386
100557620
100577451
100596304
100615588
100634361
100653494
100672111
100691175
100709637
100728542
100747093
100765990
100784620
100803448
100821910
100840670
100858973
100877505
100895658
100914262
100932273
100950640
100968721
100987252
101005331
101023707
101041798
101060311
101078253
101096684
101114625
101132987
101151006
101169441
101187380
101205673
101223677
101242049
101259981
101278267
101296812
101315712
101334032
101352939
101371637
101390225
101408397
101426764
101445003
101463440
101481766
101500582
101518992
101537805
101556348
101575365
101594188
101613390
101632011
101651299
101670072
101689287
101708207
101727726
101746816
101766400
101785558
101805158
101824620
101844136
101863598
101883338
101902726
101922547
101942009
101962070
101981751
102002120
102022191
102042858
102062855
102083128
102103201
102123788
102143943
102164838
102186054
102207943
102228857
102250056
102270214
102290870
102311485
102332688
102353290
102374874
102395868
102417371
102438523
102460326
102481249
102502751
102523905
102545477
102566787
102588744
102610264
102632458
102654147
102676266
102697707
102719759
102741511
102763710
102785457
102807736
102829639
102852222
102874669
102897237
102919697
102942182
102964323
102987057
103009198
103031932
103054302
103077180
103099632
103122587
103145260
103168303
103190828
103214007
103236462
103259645
103282331
103305357
103327736
103350609
103372914
103395952
103418465
103441427
103463879
103486842
103509286
103532169
103554463
103577498
103599797
103622589
103645036
103667851
103689984
103712718
103735199
103757973
103780416
103803297
103825587
103848243
103870604
103893247
103915389
103938191
103960417
103983064
104005510
104028161
104050373
104072866
104094931
104117581
104139575
104162074
104184203
104206802
104228847
104251343
104273557
104296279
104318439
104340620
104362146
104384178
104405783
104428134
104450120
104472619
104494682
104516874
104538473
104560750
104582350
104604465
104626226
104648718
104670476
104692973
104714739
104736857
104758684
104780809
104802339
104824368
104845907
104868249
104890000
104912277
104933650
104955622
104976995
104999124
105020791
105042902
105064429
105086317
105107622
105129354
105150802
105172534
105193764
105215499
105236657
105258447
105280141
105302240
105323847
105345580
105366420
105387541
105408075
105429118
105449654
105470699
105491165
105512202
105532660
105553705
105574088
105594977
105615140
105635805
105655871
105676386
105696310
105716746
105736505
105756867
105776481
105796691
105816151
105836128
105855428
105875100
105894566
105913998
105933160
105952680
105971764
105991048
106009824
106029032
106047576
106066397
106085045
106103537
106121856
106140456
106158854
106177525
106195613
106213741
106231450
106249283
106266749
106284515
106301979
106319506
106336908
106354280
106371440
106388812
106405758
106423121
106440073
106457058
106473689
106490290
106506616
106523227
106539328
106555701
106571725
106587941
106603886
106620041
106635913
106652049
106667839
106683767
106699317
106715085
106730345
106745954
106761296
106776821
106792237
106807846
106822960
106838032
106852893
106867979
106882844
106897923
106912727
106927648
106942279
106957206
106971702
106986321
107000578
107014893
107029001
107043237
107057113
107071124
107085146
107099300
107113255
107127346
107141288
107155220
107169029
107182964
107196521
107210145
107223560
107237111
107250526
107264234
107277886
107291504
107304991
107318625
107332117
107345588
107358788
107372165
107385511
107398437
107411321
107424262
107437219
107450375
107463572
107476893
107489994
107503234
107516345
107529511
107542325
107555329
107568220
107580771
107593346
107606122
107619010
107632097
107645058
107658066
107671114
107684184
107697142
107710082
107722815
107735662
107748390
107761106
107773900
107786835
107799575
107812576
107825466
107838547
107851513
107864592
107877629
107890721
107903755
107916923
107929878
107943042
107955995
107969164
107982190
107995437
108008551
108021945
108035138
108048672
108062015
108075791
108089446
108103296
108116944
108130867
108144132
108157677
108171247
108185262
108199132
108213212
108227396
108241711
108255975
108270286
108284462
108298705
108312880
108327269
108341531
108355851
108370184
108384800
108399292
108414061
108428925
108443924
108458727
108473719
108488436
108503367
108518090
108533232
108548264
108563639
108578899
108594427
108609912
108625760
108641475
108657467
108673180
108688861
108704580
108720420
108736507
108753036
108769361
108785893
108802368
108819287
108835918
108852677
108869070
108885764
108902386
108919222
108935785
108952695
108969252
108986317
109003331
109020777
109038246
109056008
109073479
109091464
109109082
109127000
109144627
109162460
109180075
109198295
109216224
109234519
109252610
109271277
109289739
109308649
109326882
109345636
109364175
109382929
109401474
109420681
109439760
109459268
109478357
109498179
109517411
109537000
109556006
109575287
109594129
109613657
109633032
109652783
109672320
109692295
109712054
109732258
109752111
109772306
109792307
109812508
109832507
109852864
109872632
109893141
109913376
109934116
109954488
109975305
109995764
110016731
110036803
110057464
110077849
110098663
110119043
110140078
110160770
110181820
110202808
110224011
110244616
110265895
110286421
110307703
110328466
110349662
110370495
110391621
110412383
110433650
110454572
110475848
110496836
110518115
110539179
110560600
110581513
110602873
110623776
110645218
110665974
110687402
110708472
110729898
110750983
110772699
110793611
110815271
110836032
110857460
110878373
110900267
110921569
110943450
110964905
110986397
111007160
111028290
111049200
111070624
111091776
111113514
111134693
111156235
111177763
111199954
111222177
111244984
111267495
111290606
111313285
111336552
111359606
111383704
111407844
111432559
111457295
111482785
111507903
111533534
111558815
111585058
111611105
111638127
111665008
111693013
111721038
111750200
111779146
111809065
111838631
111869092
111899343
111930785
111961805
111994482
112026800
112060847
112094010
112128674
112164282
112201848
112238454
112276322
112314153
112355162
112395587
112437615
112479789
112524259
112568959
112616323
112664254
112715296
112766664
112821220
112876105
112934531
112993667
113057719
113122708
113193248
113265589
113344403
113424996
113514151
113606372
113708455
113815294
113936881
114064778
114211460
114372267
114562719
114776382
115035547
115334387
115712530
116141599
116636975
117128582
117623335
118074359
118501239
118870340
119209852
119510091
119796429
120054396
120307770
120538353
120764706
120976028
121185844
121381914
121581408
121770218
121958071
122136393
122315290
122484897
122656054
122822510
122990756
123151232
123311921
123466435
123622753
123771850
123923432
124070082
124217068
124355905
124498686
124637591
124777465
124911168
125047446
125178776
125310917
125437740
125568886
125693940
125821331
125942874
126067134
126185684
126307490
126425127
126546865
126667170
126794108
126920840
127058414
127198462
127352476
127513526
127691309
127874526
128074930
128272215
128473003
128662551
128858060
129040506
129225205
129403290
129582871
129751607
129923470
130087692
130254274
130414152
130574853
130725698
130879649
131027890
131178028
131322977
131469663
131609878
131753504
131890575
132031129
132166066
132304561
132437115
132572704
132703562
132837406
132965738
133097123
133223402
133353255
133477387
133605107
133727945
133853667
133974821
134099087
134219396
134341833
134459933
134581291
134695022
134809649
134917882
135027676
135130851
135234915
135333882
135433975
135530644
135630344
135725943
135823970
135919414
136017369
136112425
136210601
136305893
136404080
136500142
136598160
136693615
136792172
136887537
136984942
137080072
137178018
137272693
137371237
137466681
137564852
137660224
137758774
137853835
137952158
138047226
138144860
138240293
138339229
138434830
138531848
138627058
138725238
138820599
138918700
139013374
139111394
139206381
139304173
139399005
139496944
139592383
139691310
139786823
139885374
139980894
140079206
140174181
140271884
140366259
140463034
140558706
140656947
140752072
140850936
140946522
141044995
141140140
141238458
141334056
141432761
141527360
141625286
141720812
141819752
141914741
142013600
142109664
142208371
142304036
142403276
142498493
142596819
142692435
142791346
142886787
142984950
143080176
143179107
143274090
143372417
143468177
143566503
143661717
143761028
143856485
143955260
144051623
144151860
144244101
144340584
144436953
144536427
144632472
144731349
144827320
144925955
145021702
145120567
145216316
145315020
145410855
145510089
145606071
145705171
145801146
145900785
145996378
146095165
146191086
146290173
146386075
146485309
146583662
146687494
146790366
146901238
147013818
147135404
147259237
147395880
147537293
147694178
147858934
148045867
148248901
148501338
148818379
149423314
150405975
151410711
