Senor Log For Sensor 1
0
253827918
254108604
254433821
255053875
256142802
258127160
259815396
263633459
264920664
266155620
267256918
268425551
271248887
272255159
272729242
273798932
274378434
275264348
275670328
276405165
276774513
Senor Log For Sensor 2
0
2470030
4353859
6367294
7214109
7999339
8658425
9451838
10217855
11221992
12074280
19704442
44404597
44437937
54525200
55272230
56259299
225580956
225839530
226113895
226463455
226743585
227085564
227492513
340331818
340704863
341126393
341668198
Senor Log For Sensor 3
0
60173803
68129746
71492821
75384254
85584075
89753445
98990396
101854231
112422281
113669617
116802692
120475520
355925836
Senor Log For Sensor 4
0
144022414
149295385
151109502
152690810
154373591
155715527
157586245
292540048
293619767
294558709
295009995
295910246
302440404
302810974
303342513
304622891
304972329
305397716
