Senor Log For Sensor 1
0
19884607
20346464
20671968
20911210
21134416
21316441
21495243
21649903
21807290
21944374
22082618
22203937
22329233
22440826
22557183
22662733
22775632
22879847
22992825
23097750
23211038
23315894
23428870
23533318
23625350
23647089
23751689
23865138
23970060
24083288
24187972
24301889
24310551
24406733
24520022
24624470
24730273
24730387
24737442
24842286
24955655
25021358
25060655
25072239
25174262
25279895
25393517
25500160
25527129
25615726
25659257
25722688
25831360
25924432
26024547
26119116
26181495
26221887
26317870
26422914
26466540
26520857
26626229
26647938
26724006
26829850
26892041
26927705
27033621
27122544
27130614
27235749
27333452
27440074
27540745
27651139
27752057
27760107
27865978
27954610
27978439
28107663
28227329
28354207
28469244
28588968
28624420
28641653
28699170
28786377
28818504
28927118
29044029
29151772
29269539
29378777
29380017
29499592
29609378
29727701
29771007
29838349
29958237
30069366
30189488
30299747
30305031
30420367
30532511
30654287
30767227
30890256
31004362
31127232
31240634
31362249
31474858
31596708
31709552
31734298
31734380
31831952
31945352
32067909
32181310
32303561
32416016
32538026
32650796
32772899
32886060
33008459
33121239
33243713
33356724
33478820
33591897
33713977
33754682
33826917
33948726
33949698
34062641
34120872
34120979
34185040
34297970
34419984
34532677
34654615
34767391
34888930
35001474
35123327
35235550
35357559
35469463
35591388
35703924
35826091
35938319
36060185
36172643
36294415
36406563
36528175
36640870
36762492
36874559
36996337
37108563
37230102
37342406
37464184
37576101
37697804
37810663
37932132
38045086
38167404
38279714
38401181
38513564
38634952
38747254
38869344
38982125
39103900
39216435
39338377
39450911
39571899
39684362
39805895
39918199
40039579
40152508
40274275
40386254
40507863
40619849
40741627
40854076
40975925
41088380
41210066
41322369
41443981
41556281
41677588
41790518
41912059
42024444
42145829
42258767
42380930
42493638
42615874
42728572
42850261
42962487
43084094
43196475
43318628
43431099
43553495
43665480
43787410
43898937
44021091
44133796
44255570
44368187
44489726
44601803
44723646
44835801
44957406
45069715
45191558
45304247
45425946
45538242
45659850
45772312
45893450
46005904
46127363
46239423
46361433
46473900
46595605
46708455
46830553
46942622
47064513
47177103
47299185
47411643
47533111
47644546
47766475
47879326
48001185
48113101
48234171
48346871
48468719
48581336
48703267
48815887
48936634
49049249
49170553
49282934
49404480
49517023
49638396
49751010
49873097
49985324
50106316
50219083
50340944
50452935
50574630
50687399
50808854
50921700
51043405
51155870
51277410
51390188
51511728
51610498
51624213
51746206
51858909
51980610
52093389
52215007
52327320
52448862
52561485
52683102
52795482
52917027
53029573
53151116
53263263
53384412
53496475
53617471
53729765
53851064
53963687
54084907
54196268
54315297
54362987
54425322
54544113
54654299
54773633
54861666
54884444
55003979
55114363
55233299
55343099
55462273
55502429
55572385
55691882
55788343
55802844
55922725
56032583
56151382
56261098
56380440
56491096
56611610
56666241
56671150
56674447
56704944
56723997
56848765
56963661
57086610
57198919
57213453
57303626
57320536
57422137
57433861
57474992
57556427
57670227
57687758
57794048
57837650
57909494
58035582
58151733
58175152
58276643
58377682
58391457
58516135
58631418
58756174
58872319
58997699
59114242
59240095
59355546
59480307
59595679
59720755
59836125
59930097
59960822
60075724
60195464
60303769
60418960
60523731
60634126
60733484
60826982
60827015
60828747
60838304
60853715
60932804
61031667
61080386
61107499
61120511
61213872
61256281
61298091
61384084
61397295
61462968
61526587
61545030
61606918
61618103
61688180
61694760
61713375
61763602
61835792
61900388
61968259
62029248
62093201
62150739
62211386
62238663
62266107
62323782
62375830
62430677
62480375
62528891
62533022
62580518
62630818
62676352
62724765
62768730
62815262
62823490
62857422
62902299
62943397
62986916
63026800
63060565
63069171
63108035
63149150
63186996
63227172
63264313
63303702
63339901
63355162
63378347
63413681
63451266
63486130
63523351
63557639
63594285
63628045
63641832
63663912
63696974
63732593
63765737
63800812
63834418
63872241
63905379
63939118
63971154
64006707
64039764
64075151
64107348
64140853
64172974
64207265
64238910
64272494
64303671
64337802
64369215
64402641
64412532
64433582
64467004
64498340
64531455
64561844
64594645
64625506
64658461
64689011
64721729
64752357
64784755
64814131
64845518
64866706
64875283
64907846
64938080
64969934
64999231
65030776
65060695
65092470
65122082
65153702
65183084
65214621
65244151
65275535
65304587
65335822
65365037
65396344
65425404
65456472
65485379
65516844
65546139
65577602
65606820
65638442
65667660
65698889
65727793
65758784
65787374
65818446
65847738
65879216
65908187
65939260
65968239
65999158
66027826
66058665
66087405
66118250
66146995
66177829
66206814
66237414
66265849
66296688
66325515
66356282
66384935
66415543
66444447
66475205
66503636
66534083
66562670
66593666
66622410
66652858
66679797
66710479
66740087
66771550
66799911
66829564
66857687
66888136
66916251
66946151
66974030
67004011
67032048
67062025
67089831
67119413
67146823
67176407
67204049
67233713
67261441
67290866
67317885
67346762
67374096
67403286
67430460
67459416
67486202
67514764
67541312
67569717
67596346
67624748
67651140
67679389
67705696
67733952
67760262
67788350
67814586
67842285
67867970
67895356
67921119
67948579
67973792
68000628
68026152
68053381
68078593
68105350
68130015
68156458
68181124
68207404
68231679
68257654
68281926
68307663
68331543
68356968
68380611
68405957
68429443
68454562
68477573
68502370
68525311
68549556
68572106
68596196
68618664
68642284
68664354
68687666
68709578
68732581
68754025
68776782
68798073
68820673
68841417
68863620
68884206
68906017
68926448
68948024
68968374
68989716
69009597
69030780
69050349
69071140
69090391
69110714
69129887
69150052
69168756
69188764
69207308
69226768
69245078
69264458
69282455
69301523
69319217
69337959
69355409
69374082
69391368
69409653
69426624
69444516
69461330
69479222
69495882
69513540
69530040
69547457
69563573
69580518
69596471
69613342
69629058
69645775
69661567
69678204
69693688
69709852
69725026
69741266
69756280
69772287
69787142
69802763
69817536
69833150
69847851
69863306
69877849
69893073
69907301
69922214
69936281
69951110
69965030
69979700
69993615
70008293
70022048
70036485
70050009
70064365
70077733
70091855
70105141
70119204
70132237
70146126
70159101
70172752
70185645
70199381
70212272
70225689
70238507
70251924
70264661
70277845
70290347
70303609
70316032
70329138
70341481
70354512
70366779
70379646
70391756
70404474
70416658
70429448
70441486
70454193
70466066
70478702
70490498
70503130
70515087
70527484
70539044
70551215
70562696
70574933
70586650
70598813
70610296
70622458
70633864
70645873
70657196
70669043
70680298
70692062
70703232
70714926
70726174
70738023
70749112
70760653
70771739
70783430
70794521
70806060
70816989
70828602
70839585
70850991
70861846
70873383
70884240
70895850
70906861
70918398
70929175
70940473
70951183
70962320
70972937
70984155
70995011
71006391
71017009
71028230
71039008
71050309
71061162
71072541
71083168
71094306
71105003
71116224
71126766
71137985
71148683
71159989
71170602
71181744
71192364
71203748
71214522
71225664
71236363
71247663
71258361
71269584
71280206
71291343
71302040
71313263
71323966
71335340
71346118
71357575
71368350
71379649
71390348
71401731
71412768
71424193
71435127
71446665
71457593
71469048
71480067
71491595
71502449
71513986
71525080
71536769
71547781
71559480
71570643
71582415
71593663
71605439
71616603
71628609
71639862
71651784
71663201
71675275
71686605
71698765
71710247
71722414
71733974
71746213
71757932
71770332
71782049
71794526
71806566
71819193
71830988
71843627
71855655
71868366
71880402
71893265
71905532
71918479
71930825
71944006
71956433
71969696
71982195
71995456
72008119
72021454
72034270
72047769
72060661
72074313
72087223
72101017
72114069
72127960
72141243
72155446
72168735
72183014
72196614
72210897
72224495
72239093
72252927
72267599
72281521
72296502
72310573
72325486
72339789
72355090
72369397
72384773
72399398
72415009
72429709
72445485
72460339
72476266
72491359
72507520
72522852
72539169
72554495
72570819
72586299
72603016
72618811
72635837
72651950
72669213
72685639
72703164
72719561
72737055
72753801
72771610
72788505
72806552
72823605
72841963
72859337
72878005
72895694
72914518
72932440
72951663
72969811
72989198
73007428
73027282
73045747
73065598
73084455
73104782
73123793
73144352
73163761
73184632
73204348
73225538
73245573
73267071
73287420
73309231
73329815
73351782
73372524
73394957
73416089
73438765
73460054
73483126
73504649
73527951
73549867
73573484
73595707
73619715
73642259
73666508
73689208
73713606
73736542
73761342
73784515
73809620
73833186
73858680
73882481
73908142
73932098
73957829
73982098
74008387
74032972
74059410
74084158
74110915
74135888
74162729
74187863
74214696
74239986
74267060
74292588
74320123
74345888
74373353
74399029
74426418
74452260
74479952
74505954
74533654
74559489
74587270
74613505
74641433
74667357
74695132
74721438
74749611
74775610
74803623
74829542
74857084
74882925
74910542
74936228
74963532
74988903
75016289
75041734
75068730
75093631
75120303
75145207
75171885
75196702
75222992
75247576
75273706
75297893
75323480
75347279
75372392
75395715
75420667
75444237
75469188
75492521
75517229
75540013
75564264
75586807
75610819
75633131
75656900
75678895
75702357
75724127
75747428
75768875
75791786
75812921
75835672
75856882
75879718
75901165
75923771
75944589
75966172
75986280
76007781
76027735
76049005
76068880
76090307
76110181
76131224
76150695
76171331
76190502
76210821
76229918
76250398
76269412
76289812
76308748
76328600
76347145
76367085
76385149
76404686
76422919
76442473
76460766
76480148
76498140
76517129
76534731
76553404
76571004
76589756
76607359
76626190
76643636
76662431
76679677
76698274
76715402
76733609
76750972
76769412
76787327
76806710
76824937
76844241
76862309
76880669
76897094
76914592
76931491
76949540
76966434
76984559
77001300
77019032
77035850
77053672
77069770
77087112
77103458
77121036
77137697
77155430
77171854
77189353
77205776
77223042
77239464
77256338
77272449
77289476
77305665
77322930
77339278
77356780
77373361
77390698
77406891
77424229
77440266
77457449
77473639
77490586
77506460
77523487
77539513
77556625
77572580
77589605
77605559
77622431
77638458
77655486
77671447
77688554
77704503
77721452
77737410
77754361
77770315
77787263
77803140
77820168
77836046
77852996
77868950
77885978
77902087
77919033
77934996
77951706
77967426
77984218
78000178
78016969
78032844
78049878
78065823
78082774
78098649
78115441
78131160
78147795
78163595
78180458
78196340
78213525
78229714
78246744
78262699
78279644
78295441
78312162
78327724
78344358
78359847
78376559
78392122
78408837
78424713
78441429
78457148
78474020
78489739
78506373
78522012
78538567
78554215
78570848
78586568
78603442
78619235
78636027
78651832
78668622
78684422
78700900
78716615
78733179
78748812
78765375
78780936
78797572
78813220
78829849
78845494
78862233
78877685
78894250
78909811
78926295
78942005
78958643
78974447
78991159
79006882
79023673
79039395
79055879
79071359
79087835
79103319
79119718
79135283
79151838
79167325
79183881
79199363
79215920
79231333
79247886
79263449
79279844
79295256
79311656
79327298
79343695
79359193
79375895
79391457
79407858
79423341
79439901
79455227
79471548
79486876
79503277
79518678
79535096
79550567
79567125
79582532
79599004
79614494
79630814
79646065
79662229
79677632
79694033
79709510
79725996
79741478
79757958
79773441
79789683
79805092
79821485
79836817
79853218
79868623
79885102
79900425
79916827
79932083
79948404
79963734
79980056
79995383
80011783
80027189
80043436
80058763
80074928
80090255
80106499
80121743
80138070
80153399
80169642
80185126
80201209
80216536
80232628
80247878
80264042
80279291
80295536
80310785
80326950
80342165
80358287
80373770
80390167
80405576
80422046
80437302
80453466
80468478
80484487
80499415
80515423
80530599
80546685
80561773
80577951
80593116
80609200
80624369
80640457
80655628
80671635
80686727
80702729
80717822
80733834
80748925
80764942
80780097
80796269
80811282
80827445
80842460
80858541
80873555
80889567
80904661
80920592
80935843
80951847
80966864
80982865
80997801
81013655
81028588
81044597
81059680
81075928
81091567
81108046
81123373
81139688
81154866
81170714
81185883
81201416
81216349
81232286
81247533
81263617
81278866
81294949
81309960
81325815
81340588
81356360
81371295
81387066
81402088
81417930
81432864
81448873
81463807
81479662
81494591
81510441
81525298
81540989
81556004
81571856
81586947
81602722
81617575
81633346
81648205
81663972
81678829
81694679
81709612
81725388
81740160
81755853
81770788
81787029
81802282
81818441
81833692
81849696
81864786
81880718
81895411
81911024
81925496
81941182
81956039
81971893
81986741
82002596
82017449
82033218
82047999
82063769
82078465
82093923
82108542
82124241
82139013
82154628
82169328
82185097
82199801
82215332
82230032
82245729
82260345
82275960
82290744
82306197
82320902
82336512
82351369
82366834
82381527
82396987
82411612
82427065
82441692
82457221
82472077
82488322
82503490
82519343
82534350
82549965
82564745
82580437
82594902
82610209
82624823
82640599
82655529
82671379
82686476
82702164
82717021
82732402
82746863
82762247
82776786
82792243
82806866
82822558
82837177
82852796
82867493
82882955
82897498
82912797
82927200
82942641
82957105
82972642
82987341
83002881
83017574
83033268
83047891
83063346
83077886
83093348
83107887
83123270
83137965
83153660
83168675
83184837
83200170
83216405
83231103
83246718
83261105
83276405
83290883
83306247
83320797
83336172
83350635
83366327
83381102
83396799
83411339
83426797
83441420
83456560
83471023
83486253
83500475
83515857
83530402
83545778
83560324
83575782
83590090
83605470
83619855
83635155
83649469
83664765
83679157
83694453
83708840
83724143
83738608
83753829
83768294
83783670
83798140
83813201
83827742
83842891
83857432
83873127
83887671
83902887
83917431
83932891
83947429
83963047
83977209
83992261
84006653
84021895
84036257
84051560
84066104
84081251
84095553
84110773
84125005
84140145
84154451
84169598
84183827
84198971
84213356
84228578
84242889
84258186
84272572
84287815
84301944
84317009
84331161
84346228
84360457
84375598
84389903
84405131
84419355
84434500
84448652
84463872
84477953
84493018
84507157
84522228
84536687
84552065
84566456
84581593
84596057
84611439
84625980
84641457
84655430
84670339
84684339
84699477
84713706
84728853
84743157
84758301
84772688
84787592
84801903
84816964
84831036
84846026
84860092
84875158
84889235
84904297
84918524
84933592
84947818
84962732
84976877
84991856
85005937
85020763
85034914
85049905
85063973
85078962
85093189
85108255
85122329
85137237
85151385
85166771
85181387
85196923
85211622
85226688
85240839
85255982
85270444
85285120
85299192
85313946
85328018
85343159
85357313
85372299
85386449
85401444
85415667
85430497
85444572
85459400
85473549
85488383
85502298
85516972
85531050
85545954
85560031
85574854
85588846
85603763
85617826
85632656
85646733
85661559
85675710
85690622
85704691
85719367
85733279
85747951
85761870
85776618
85790691
85805527
85819593
85834738
85848892
85863720
85877713
85892706
85906852
85921923
85935831
85950503
85964270
85979013
85993085
86007996
86021986
86036816
86050890
86065796
86079877
86094541
86108457
86123136
86137047
86151798
86165717
86180465
86194381
86209215
86223286
86238037
86251876
86266548
86280469
86295217
86309131
86323966
86338113
86353024
86367017
86381926
86396389
86411614
86425685
86440678
86454823
86470044
86484438
86499264
86513101
86528092
86542161
86556991
86571146
86586366
86600607
86615663
86630206
86645667
86660131
86675275
86689584
86704494
86718897
86734028
86748332
86763790
86778176
86793556
86808101
86823557
86838031
86853168
86867630
86882933
86897396
86912931
86927794
86943403
86958260
86974034
86988809
87004427
87019361
87035211
87050151
87066076
87081253
87097409
87112736
87129064
87144307
87160554
87175801
87191887
87207257
87223457
87239020
87255576
87271294
87288098
87304043
87321071
87337103
87354210
87370244
87387349
87403462
87420643
87436916
87454415
87470840
87488339
87505078
87522891
87539633
87557596
87574727
87592697
87609671
87627954
87645243
87663604
87681063
87699804
87717329
87736319
87754077
87773070
87791142
87810291
87828754
87848844
87867621
87887946
87907117
87927215
87945437
87965068
87983913
88004471
88024193
88045456
88065489
88086128
88105614
88126488
88146366
88168023
88188527
88210500
88230768
88252504
88272851
88294823
88315795
88338474
88359690
88382677
88404281
88427270
88449188
88472336
88494097
88517479
88539554
88563495
88586345
88610906
88634238
88658800
88681587
88705909
88729083
88754272
88777916
88803424
88827141
88852731
88876289
88901713
88925594
88951642
88976385
89002520
89027022
89052839
89077188
89103319
89127984
89154348
89178932
89204911
89229490
89255855
89280524
89306646
89330917
89357052
89381397
89407532
89431722
89457850
89482048
89507938
89531898
89557637
89581465
89607100
89630739
89656162
89679810
89705151
89728563
89753595
89776845
89801724
89824972
89849300
89871609
89895699
89918635
89942883
89965431
89989125
90011470
90034739
90056580
90079813
90101330
90124248
90145613
90168292
90189423
90211789
90232846
90254976
90275481
90297298
90317564
90339064
90359195
90380444
90400327
90421352
90440843
90461445
90480653
90500969
90520069
90540307
90559091
90578940
90597405
90616788
90634940
90654246
90672241
90691309
90709148
90727982
90745504
90764027
90781427
90799677
90816803
90834617
90851434
90869245
90885910
90903405
90919759
90937094
90953365
90970549
90986582
91003535
91019407
91036044
91051530
91067928
91083338
91099657
91114985
91131228
91146399
91162410
91177264
91193042
91207736
91223279
91237899
91253281
91267739
91283047
91297352
91312419
91326643
91341636
91355627
91370297
91384134
91398812
91412571
91427161
91440927
91455279
91468724
91482933
91496135
91510185
91523394
91537361
91550648
91564616
91577743
91591636
91604529
91618100
91630919
91644495
91657464
91671042
91683860
91697195
91709776
91723122
91735619
91748728
91761069
91774094
91786286
91799150
91811505
91824526
91836630
91849425
91861614
91874399
91886435
91899144
91911190
91923812
91935839
91948477
91959838
91960510
91973227
91980337
91985101
91997495
92009217
92021774
92033487
92045890
92057761
92070241
92082039
92094352
92105996
92118311
92130033
92142275
92153987
92166233
92178025
92190583
92202300
92214540
92226261
92238655
92250457
92262620
92274253
92286424
92297978
92310224
92321864
92334256
92346057
92358293
92370016
92382415
92394128
92406372
92418164
92430569
92442215
92454523
92466403
92478875
92490755
92503232
92515180
92527740
92539687
92552407
92564436
92576987
92588944
92601736
92613763
92626398
92638507
92651256
92663414
92676201
92688395
92701339
92713526
92726480
92738899
92752090
92764356
92777455
92790041
92803227
92815724
92829306
92842044
92855459
92868357
92881936
92894748
92908250
92921261
92935200
92948240
92961980
92975260
92989466
93002755
93016794
93030244
93044605
93057966
93072325
93086009
93100444
93114124
93128803
93142716
93157466
93171460
93186451
93200676
93215819
93230208
93245514
93259891
93275429
93289977
93305435
93320134
93335826
93350766
93366774
93381867
93397950
93413279
93429684
93444934
93461414
93477049
93493691
93509565
93526593
93542705
93560043
93576389
93593814
93610319
93628051
93644634
93662447
93679259
93697313
93714440
93732731
93750176
93768775
93786377
93805368
93823283
93842517
93860661
93880047
93898349
93918045
93936665
93956593
93975527
93995850
94015256
94035733
94055146
94076003
94095647
94116673
94136629
94158126
94178473
94200442
94221023
94242450
94263034
94285475
94306685
94329597
94351055
94373880
94395403
94418394
94439998
94463535
94485450
94509145
94531301
94554999
94577303
94601311
94623931
94648179
94670801
94695121
94717981
94742623
94765796
94790669
94813921
94838717
94861888
94886841
94910325
94935592
94959157
94984499
95008301
95033649
95057133
95082244
95105571
95131075
95154798
95180376
95204092
95229360
95252770
95277406
95300893
95325843
95349405
95374688
95398390
95423269
95446598
95471238
95494328
95518887
95541910
95566389
95589325
95613731
95636669
95660753
95683222
95707068
95729382
95753079
95775233
95798849
95820924
95844228
95865754
95888823
95910192
95932948
95954160
95976761
95997815
96019944
96040604
96062423
96083009
96104900
96125408
96146990
96167194
96188603
96208243
96229279
96248848
96269642
96288895
96309377
96328632
96349347
96368681
96389159
96407940
96427793
96446340
96466198
96484817
96504747
96523214
96542908
96561218
96580601
96598984
96618208
96636126
96655114
96673109
96692175
96710086
96729081
96746840
96765673
96783207
96801951
96819630
96838384
96855830
96874661
96892184
96910942
96928305
96946902
96964350
96982709
97000228
97018674
97035962
97054560
97071928
97090524
97107813
97126493
97144090
97163238
97180833
97199438
97216957
97235559
97252771
97271130
97288574
97307250
97324853
97343684
97361366
97380193
97397797
97416636
97434397
97453153
97470753
97489586
97507346
97526338
97544255
97563560
97581557
97600939
97618931
97637997
97655994
97675217
97693290
97712673
97731058
97750607
97769075
97788929
97807553
97827563
97846424
97866747
97885686
97905773
97924474
97944483
97963499
97984370
98004248
98025826
98045784
98066655
98085359
98105681
98124933
98145962
98165763
98187027
98207138
98228485
98248050
98269157
98289117
98310145
98329947
98351450
98371800
98393456
98413805
98435619
98455892
98477707
98497975
98519790
98540297
98562196
98582939
98605148
98625887
98648249
98669067
98691356
98712327
98734774
98755750
98778356
98799402
98821773
98843140
98865894
98887351
98910174
98931550
98954375
98975752
98998899
99020504
99043654
99065332
99088323
99110162
99132764
99153975
99176808
99198413
99221405
99242933
99266001
99287292
99309968
99331339
99354097
99375537
99398607
99420134
99442971
99464418
99487188
99508464
99531301
99552511
99575266
99596634
99619389
99640679
99663431
99684643
99707235
99728528
99751215
99772497
99795331
99816693
99839370
99860783
99883423
99904634
99927231
99948522
99971043
99992252
100015005
100036451
100059441
100080654
100103014
100123833
100145801
100166698
100189218
100210425
100233107
100254003
100276212
100296791
100318918
100339737
100362104
100383085
100405439
100426415
100448858
100469749
100492039
100512782
100534906
100555644
100578008
100598670
100621035
100641935
100664304
100685041
100707086
100727670
100749795
100770721
100793055
100813875
100836079
100856822
100878790
100899608
100921581
100942086
100964051
100984555
101006683
101027815
101050101
101071092
101093371
101113402
101134903
101154937
101176280
101196470
101217972
101238085
101259427
101279384
101300569
101320290
101341399
101361120
101382384
101402105
101422972
101442467
101463254
101482433
101502991
101522164
101542800
101561898
101582292
101601310
101621708
101640646
101660888
101679510
101699441
101717828
101737602
101756145
101775762
101794147
101813764
101831993
101851218
101869136
101888360
101906666
101925970
101943885
101962870
101980394
101998913
102016280
102034798
102051931
102070136
102087346
102105550
102122686
102140888
102157783
102175752
102192568
102210066
102226570
102244067
102260176
102277439
102293554
102310658
102326687
102343713
102359752
102376621
102392498
102409301
102425091
102441886
102457206
102473610
102488862
102504947
102520118
102536437
102551606
102567458
102582391
102598242
102613098
102628792
102643728
102659420
102674041
102689494
102704042
102719422
102733964
102749101
102763572
102778634
102792627
102807373
102821370
102836042
102849873
102864703
102878699
102893295
102906892
102921337
102934856
102949211
102962735
102976863
102990224
103004429
103017797
103032003
103045441
103059648
103072857
103086741
103099797
103113529
103126420
103139999
103152974
103166236
103179051
103192546
103205208
103218780
103231675
103245251
103258144
103271640
103284301
103297638
103310213
103323325
103335826
103349087
103361436
103374535
103387117
103400485
103413037
103426378
103438960
103452217
103464716
103477825
103490165
103503282
103515544
103528569
103540918
103554019
103566445
103579548
103591972
103605079
103617580
103630763
103643189
103656449
103668947
103682059
103694562
103707660
103720167
103733666
103746319
103759742
103772559
103786056
103798792
103812291
103825107
103838603
103851578
103865309
103878361
103892015
103904679
103918326
103931384
103945577
103959022
103973387
103986904
104001114
104014477
104028282
104041341
104055306
104068668
104083111
104096946
104111462
104125296
104140050
104153966
104168557
104182397
104197070
104211066
104225657
104239498
104254327
104268480
104283705
104298087
104313389
104327855
104343314
104357779
104373158
104387701
104403162
104417784
104433397
104448259
104464024
104479278
104495677
104511094
104527331
104542815
104559138
104574780
104591192
104606349
104622676
104638003
104654639
104670389
104687227
104703103
104720138
104736016
104753044
104769397
104786736
104802928
104820266
104836695
104854195
104870775
104888509
104905171
104923219
104940192
104958394
104975293
104993419
105010628
105028750
105045966
105064249
105081698
105100369
105118051
105137039
105154955
105174103
105192019
105211090
105229159
105248305
105265986
105284977
105302972
105322356
105340751
105360451
105378834
105398687
105417469
105437164
105455706
105475329
105493953
105513966
105532509
105552752
105571689
105592011
105611341
105631821
105651228
105672020
105691272
105711831
105730688
105751247
105770576
105791528
105811249
105832436
105852236
105873109
105892832
105913548
105933034
105954218
105974104
105995604
106015487
106036749
106056864
106078207
106097854
106118882
106138917
106160423
106180693
106202195
106222308
106243804
106263762
106285029
106305078
106326331
106346445
106367946
106388138
106409640
106429769
106451491
106471845
106493346
106513536
106535039
106555390
106577518
106598102
106619995
106640504
106661845
106681725
106702981
106722860
106744281
106764473
106786052
106806244
106827667
106848096
106869754
106890344
106912317
106932978
106955022
106975691
106997898
107019112
107042101
107060400
107064092
107087633
107109865
107133645
107155956
107176545
107179905
107202610
107227243
107250894
107276082
107300040
107325930
107350914
107377826
107403277
107430658
107456259
107484038
107510662
107539694
107566793
107596688
107624651
107654938
107683528
107714677
107744522
107777319
107808498
107842315
107874041
107908566
107941470
107977561
108012112
108050092
108086056
108125446
108162822
108203859
108242962
108286354
108328121
108374412
108418612
108467096
108513496
108565519
108615366
108670917
108724772
108785184
108843353
108909026
108972999
109045736
109116446
109196866
109276218
109367553
109458271
109563020
109667239
109792299
109920012
110073925
110234011
110431027
110641416
110902616
111175768
111499026
111810952
112153844
112465451
112783930
113059201
113336167
113576767
113822995
114043456
114274165
114478124
114690147
114880148
115079844
115257037
115447695
115621983
115805818
115972101
116146133
116304884
116472954
116626208
116788303
116938110
117094647
117235828
117387418
117528123
117677427
117812399
117957535
118089138
118229449
118357096
118494554
118622153
118755132
118878021
119008341
119127935
119255908
119373298
119498908
119613948
119737366
119849741
119971586
120084276
120207776
120325881
120456825
120583962
120728414
120871933
121036773
121198962
121386317
121564508
121760643
121941516
122132955
122305283
122490054
122658529
122837092
123001322
123171102
123324595
123488181
123638068
123797027
123942920
124097095
124239386
124390479
124529291
124677575
124813418
124958408
125091818
125234138
125364795
125504374
125632757
125770306
125896976
126033037
126157734
126291351
126414327
126545981
126667070
126796533
126915747
127044194
127161596
127288316
127404475
127529473
127643432
127766940
127880351
127999461
128107210
128220350
128322999
128431588
128530000
128633722
128729310
128831302
128925871
129027080
129120240
129220991
129313827
129414179
129506865
129607376
129700689
129801829
129895221
129996033
130089185
130190161
130282844
130383118
130475875
130576220
130669453
130770668
130864220
130964568
131057731
131158504
131251637
131352217
131444897
131545007
131637462
131738524
131831444
131932112
132025036
132125782
132218943
132319453
132412538
132512891
132605419
132705526
132798689
132899276
132992674
133092009
133183751
133284260
133377421
133477925
133571318
133672136
133764666
133865089
133958287
134059149
134152701
134253771
134347149
134447967
134540967
134641862
134735099
134835679
134928993
135030043
135123822
135225267
135319132
135420104
135513497
135614388
135707843
135808582
135901575
136002228
136095229
136196041
136288643
136389223
136483080
136583506
136676894
136778025
136871337
136972939
137065224
137166907
137261315
137362839
137456229
137557673
137651377
137752502
137846118
137947330
138040093
138140755
138233831
138334888
138428591
138529882
138623817
138725187
138818971
138920418
139013970
139115653
139209360
139310505
139404444
139505419
139598573
139700022
139794508
139898384
139996875
140106330
140212350
140331452
140447127
140579018
140709600
140859833
141009714
141184526
141363674
141582025
141826857
142172780
142806438
143836889
144788401
Senor Log For Sensor 2
0
20105913
20500571
20770678
21010867
21208396
21395764
21557692
21720180
21862921
22005724
22131081
22258797
22373843
22492744
22599724
22712772
22818108
22930591
23036077
23149129
23254450
23367104
23472331
23584485
23625275
23690308
23803778
23909353
24022409
24127739
24240714
24310483
24346954
24459602
24564931
24677405
24730207
24782816
24895461
25001203
25021291
25072179
25113763
25219245
25332305
25438627
25527091
25553741
25659193
25661860
25776231
25898034
26032250
26157034
26181428
26291843
26420488
26466474
26557774
26647874
26687002
26825025
26891975
26954993
27091702
27122476
27221412
27359934
27490636
27630309
27760043
27764971
27899706
27954541
28016977
28149727
28268724
28393483
28507295
28624354
28624505
28626608
28641590
28737792
28786313
28856298
28965485
29081363
29189989
29308076
29378710
29419099
29538098
29648717
29766228
29770934
29877659
29998223
30110478
30233588
30304970
30347821
30467795
30580467
30702353
30816586
30938633
31052874
31174670
31288167
31409149
31522315
31643774
31734232
31757589
31879230
31993125
32115337
32229406
32351033
32464276
32585332
32698835
32820465
32934369
33056102
33170003
33291887
33405391
33526280
33639287
33754612
33754770
33761497
33875649
33948683
33997613
34111526
34233370
34346944
34467918
34581083
34702063
34815303
34936607
35049851
35172303
35286206
35406435
35520420
35641064
35754716
35875693
35989515
36110089
36223313
36344783
36457777
36578421
36691247
36812468
36925632
37046843
37159829
37280876
37393863
37514746
37627899
37748944
37862842
37984631
38097461
38218750
38332409
38453053
38566123
38686843
38800488
38921608
39034750
39156040
39269361
39390908
39503904
39624877
39737538
39858752
39972237
40093534
40206517
40327161
40440234
40561532
40673951
40794998
40908155
41029530
41142855
41263985
41376971
41497519
41611079
41731795
41845441
41966567
42079803
42201168
42314072
42435608
42548918
42669877
42782863
42903825
43017061
43138683
43252082
43373057
43486055
43608418
43720833
43841398
43955212
44075448
44189174
44310314
44423309
44544279
44657440
44778167
44891659
45012541
45125366
45246500
45360480
45481031
45594347
45715315
45828639
45949273
46062431
46183154
46296232
46417452
46530854
46651743
46765562
46886448
46999685
47120580
47234389
47355612
47468770
47589656
47702896
47823865
47937766
48058244
48171806
48292770
48406095
48527146
48640138
48760940
48874254
48995303
49108044
49228842
49341996
49463126
49576275
49697318
49810131
49931584
50045062
50165863
50278362
50399746
50513305
50634597
50747916
50869130
50982204
51103496
51216642
51337435
51450587
51572205
51610456
51684945
51806154
51919716
52040602
52153332
52275042
52388109
52508985
52622305
52743517
52856837
52977723
53090464
53212004
53324997
53445231
53557641
53678698
53791929
53912974
54025629
54145939
54257611
54376025
54485802
54604631
54715888
54835056
54861599
54946073
55064902
55175833
55294331
55405267
55524086
55635103
55754919
55788277
55865763
55983923
56094369
56211781
56322219
56440886
56552565
56666174
56666334
56672510
56674389
56704884
56786829
56911349
57026400
57148196
57213418
57262421
57303561
57303719
57384547
57422101
57474930
57498526
57620991
57687695
57736539
57837587
57837693
57860776
57977978
58103159
58175086
58220019
58343962
58377619
58459597
58583377
58699344
58823522
58939901
59064832
59182271
59306624
59423088
59546944
59663228
59787418
59903877
59930020
59930133
60027733
60141803
60259474
60366877
60480104
60584035
60692168
60791145
60826858
60826913
60827018
60828681
60828790
60894100
60987565
61084241
61107468
61171939
61263092
61302183
61346421
61431717
61508705
61526525
61588566
61606886
61630795
61661023
61688218
61688331
61713316
61735854
61783844
61803942
61874407
61938373
62004717
62032319
62032678
62032751
62065144
62127776
62185069
62238600
62244492
62298142
62298810
62355273
62406876
62460610
62493332
62510070
62528830
62561664
62608981
62658266
62703768
62751325
62795183
62823429
62841009
62883298
62927798
62968773
63011712
63051457
63060535
63093405
63132151
63172783
63210539
63250351
63287535
63326435
63355103
63362794
63400795
63436085
63473346
63508054
63544400
63578291
63613980
63641760
63647706
63683149
63716373
63751083
63783733
63818268
63849852
63881422
63912094
63945233
63976733
64009700
64038820
64069149
64098092
64129162
64157782
64188365
64216733
64246575
64274859
64304777
64332902
64362164
64390032
64412466
64419793
64447668
64477173
64504801
64533895
64561523
64591033
64618165
64647182
64674072
64702421
64729392
64757580
64784384
64812656
64840446
64866672
64870196
64896673
64924041
64950348
64978373
65005098
65033034
65059431
65087127
65113222
65140964
65167348
65195460
65221768
65249625
65275938
65303881
65330109
65358133
65384524
65412214
65438360
65466216
65492523
65520306
65546775
65574310
65600700
65628315
65654211
65681823
65707887
65735414
65762053
65790240
65816717
65844417
65870228
65897674
65923489
65950935
65977245
66004939
66031486
66059270
66085657
66113428
66139568
66167346
66193402
66221263
66247818
66276005
66302560
66330167
66356320
66384257
66410482
66438504
66464889
66493116
66519717
66547820
66574212
66602235
66628792
66658217
66686672
66716754
66742156
66769444
66796244
66824932
66852146
66880418
66907385
66935657
66962536
66990977
67017857
67046221
67073104
67101705
67128755
67157275
67184076
67212344
67239066
67267341
67294393
67323487
67350620
67378885
67405692
67433962
67460763
67489119
67516164
67544685
67571488
67599755
67626561
67654753
67681303
67709409
67735880
67763825
67790057
67817658
67843804
67871416
67897473
67924758
67950406
67978013
68003996
68031030
68056103
68082639
68107961
68134587
68159652
68185867
68210440
68236409
68260898
68286537
68310785
68336255
68360417
68385477
68409230
68434126
68457709
68482108
68505375
68529688
68552781
68576687
68599527
68623187
68645624
68669027
68691054
68714375
68736157
68758982
68780513
68803184
68824462
68846555
68867587
68889512
68910298
68931894
68952104
68973375
68993335
69014275
69033995
69054683
69074479
69094927
69114143
69134341
69153313
69173099
69191905
69211521
69229920
69249210
69267523
69286484
69304551
69323346
69341078
69359627
69377115
69395505
69412933
69430959
69448036
69465842
69482760
69500232
69516735
69533963
69550299
69567365
69583700
69600768
69617019
69633591
69649433
69665922
69681519
69697841
69713023
69729017
69744364
69760360
69775542
69791369
69806390
69821805
69836577
69851747
69866272
69881362
69895882
69910970
69925330
69940253
69954531
69969286
69983316
69997828
70011611
70026038
70039662
70053923
70067540
70081641
70095095
70109106
70122477
70136245
70149532
70163221
70176260
70189865
70202904
70216510
70229221
70242580
70255371
70268562
70281197
70294301
70306848
70319875
70332418
70345361
70357659
70370604
70382903
70395847
70408146
70420925
70432977
70445675
70457808
70470340
70481983
70494348
70506399
70518851
70530821
70543187
70554993
70567360
70578918
70590958
70602437
70614307
70625863
70637819
70649295
70661250
70672561
70684352
70695661
70707537
70718927
70730643
70741867
70753490
70764555
70776098
70787162
70798541
70809522
70820984
70831964
70843262
70854244
70865539
70876439
70887737
70898636
70909850
70920752
70932129
70943111
70954408
70965225
70976522
70987340
70998554
71009289
71020586
71031322
71042457
71053187
71064317
71075051
71086185
71096917
71107970
71118702
71129835
71140569
71151619
71162437
71173816
71184631
71195929
71206663
71217794
71228364
71239500
71250313
71261445
71272180
71283313
71294046
71305095
71315830
71327044
71337943
71349240
71360142
71371518
71382417
71393796
71404695
71415990
71426809
71438104
71449085
71460465
71471447
71482992
71494137
71505598
71516663
71528207
71539353
71550979
71562044
71573670
71584979
71596688
71607834
71619707
71631099
71642975
71654449
71666405
71677882
71689837
71701477
71713599
71725239
71737441
71749247
71761535
71773336
71785538
71797508
71810041
71822010
71834462
71846765
71859457
71871674
71884455
71896919
71909863
71922245
71935106
71947569
71960600
71973145
71986336
71999048
72012324
72025201
72038559
72051517
72065037
72078078
72091764
72104888
72118654
72131943
72145958
72159331
72173344
72186878
72201145
72214841
72229268
72243216
72257728
72271757
72286516
72300711
72315551
72329909
72344997
72359521
72374527
72389133
72404632
72419486
72435068
72450004
72465750
72480853
72496681
72511947
72528106
72543783
72560192
72575950
72592718
72608695
72625594
72641523
72658256
72674513
72691575
72708159
72725554
72742303
72759943
72777109
72795081
72812405
72830625
72848114
72866497
72884153
72902783
72920601
72939393
72957549
72976673
72995068
73014606
73033417
73053033
73072085
73092279
73111418
73131779
73151328
73172018
73191733
73212501
73232385
73253408
73273618
73294970
73315592
73337437
73358390
73380641
73401916
73424339
73445620
73468534
73490475
73513557
73535579
73558824
73581173
73604751
73627350
73651257
73674023
73698092
73721347
73745913
73769505
73794315
73818068
73843126
73867125
73892430
73916763
73942398
73966978
73992943
74017687
74043738
74068477
74094855
74120010
74146547
74171783
74198655
74224137
74251255
74276822
74303856
74329424
74356459
74382347
74409798
74435858
74463385
74489279
74516810
74542951
74570644
74596869
74624396
74650701
74678725
74705107
74732806
74758618
74785898
74812123
74839491
74865715
74893164
74919226
74946587
74972525
74999520
75025331
75052537
75078428
75105544
75131273
75158227
75183627
75210164
75235487
75261945
75287263
75313804
75339203
75365579
75390729
75416777
75441517
75466983
75491232
75516776
75541020
75566328
75590079
75614972
75638635
75663448
75686788
75711098
75734033
75757935
75780782
75804686
75827447
75851107
75873456
75896700
75918308
75941470
75963243
75986404
76008177
76030758
76051884
76073642
76094429
76116026
76136648
76158410
76179113
76200715
76221083
76242108
76261905
76282513
76302310
76323083
76342962
76363571
76382872
76403315
76422465
76442472
76461453
76481319
76500126
76519991
76538802
76558582
76577142
76596520
76614999
76634122
76652393
76671561
76689875
76709078
76727315
76746357
76764261
76783224
76800383
76818519
76836423
76855714
76874441
76893730
76911798
76930265
76947922
76966142
76983385
77001765
77019751
77038549
77056286
77075004
77092414
77110547
77127627
77145432
77162428
77180477
77197891
77216187
77233681
77252144
77269716
77287852
77305094
77322900
77339806
77357694
77374772
77392829
77409907
77427960
77445202
77463256
77480660
77498636
77515633
77533355
77550185
77567909
77585068
77603123
77620036
77637760
77654591
77672398
77689227
77706864
77723780
77741582
77758659
77776469
77793386
77811186
77828017
77845659
77862352
77880049
77896880
77914685
77931680
77949403
77966318
77983958
78000789
78018345
78035012
78052576
78069321
78086960
78103794
78121508
78138420
78156068
78172980
78190536
78207282
78224925
78241675
78258985
78275569
78293209
78310121
78327927
78344842
78362484
78379225
78396707
78413366
78430764
78447265
78464741
78481403
78498960
78515796
78533436
78550100
78567577
78583995
78601473
78617973
78635367
78652031
78669508
78686009
78703479
78720228
78737621
78754288
78771766
78788267
78805578
78821996
78839302
78855809
78873121
78889786
78907344
78924181
78941818
78958319
78975625
78991884
79008948
79025453
79042767
79059508
79076983
79093490
79110799
79127304
79144694
79161192
79178502
79194843
79212066
79228406
79245637
79262260
79279615
79296031
79313265
79329846
79346993
79363249
79380472
79396728
79413964
79430380
79447610
79464029
79481419
79497843
79515073
79531325
79548473
79564648
79581629
79597966
79615192
79631612
79648924
79665344
79682575
79698823
79715806
79731902
79748965
79765301
79782364
79798696
79815849
79832101
79849082
79865335
79882483
79898901
79915967
79932216
79949285
79965458
79982521
79998688
80015677
80031767
80048749
80064920
80082063
80098235
80115224
80131478
80148459
80164550
80181527
80197870
80215012
80231273
80248170
80264340
80281238
80297328
80314235
80330406
80347468
80363559
80380373
80396216
80412875
80428963
80445864
80462200
80479261
80495357
80512258
80528349
80545165
80561174
80577988
80594077
80610980
80626906
80643559
80659567
80676379
80692474
80709449
80725543
80742359
80758283
80775021
80790943
80807595
80823601
80840420
80856345
80873162
80889167
80905902
80921822
80938391
80954406
80971216
80987224
81003964
81019966
81036707
81052552
81069200
81085206
81101771
81117289
81133612
81149781
81166853
81183099
81200086
81216253
81232906
81248587
81264910
81280670
81297401
81313326
81329895
81345821
81362392
81378316
81394887
81410482
81426970
81442896
81459464
81475223
81491876
81507637
81524043
81539804
81556289
81571967
81588620
81604462
81620867
81636630
81653116
81668793
81685282
81700958
81717364
81733208
81749859
81765621
81782106
81797620
81813696
81829124
81845780
81861538
81878109
81894033
81910683
81926362
81942683
81958277
81974436
81989948
82006188
82021782
82038274
82054031
82070599
82086360
82102765
82118441
82134682
82150193
82166519
82182194
82198434
82214112
82230433
82245946
82262352
82277945
82294186
82309779
82326104
82341697
82358020
82373703
82390103
82405701
82422104
82437782
82454105
82469701
82485944
82501289
82517117
82532299
82548704
82564550
82581198
82597205
82613857
82629534
82645609
82660872
82676866
82692296
82708704
82724300
82740702
82756215
82772455
82787886
82803962
82819307
82835382
82850731
82867135
82882815
82899134
82914645
82930804
82946234
82962227
82977495
82993568
83008996
83025236
83040835
83057070
83072418
83088575
83103923
83120000
83135345
83151337
83166525
83182677
83198106
83214183
83229529
83245935
83261610
83277934
83293364
83309605
83325037
83340864
83356130
83372124
83387304
83403382
83418891
83434966
83450313
83466471
83481738
83497649
83512993
83528988
83544086
83560163
83575344
83591337
83606683
83622673
83637939
83654014
83669277
83685273
83700453
83716365
83731629
83747541
83762809
83778799
83794071
83810060
83825490
83841732
83857161
83873316
83888337
83903916
83919017
83935095
83950442
83966599
83981892
83997775
84012958
84028701
84043726
84059548
84074649
84090723
84105906
84121861
84137000
84152909
84168010
84183918
84199025
84214766
84229783
84245614
84260711
84276457
84291641
84307631
84322898
84338722
84353744
84369487
84384423
84400254
84415352
84431181
84446368
84462111
84477293
84493057
84508143
84523971
84539162
84554982
84569587
84585085
84600188
84615930
84631111
84647269
84662532
84678277
84693378
84709122
84723977
84739553
84754406
84770154
84785251
84801082
84816097
84831857
84846860
84862523
84877540
84893039
84907891
84923479
84938408
84954070
84969005
84984834
84999853
85015513
85030532
85046116
85060800
85076382
85091400
85106980
85121920
85137741
85152678
85168341
85183360
85198528
85213220
85229129
85244395
85260223
85275077
85290825
85305764
85321265
85336034
85351450
85366143
85381802
85396656
85412154
85427007
85442591
85457441
85473106
85488044
85503544
85518395
85533896
85548667
85564084
85578773
85594354
85609126
85624624
85639568
85654978
85669667
85685333
85700265
85715930
85730867
85746284
85760974
85776471
85791242
85806658
85821346
85836927
85851735
85866621
85881309
85896890
85911780
85927488
85942507
85958003
85972693
85988188
86002797
86018044
86032653
86048069
86062919
86078499
86093434
86108930
86123702
86139116
86153885
86169303
86183909
86199409
86214179
86229677
86244535
86259864
86274552
86289967
86304654
86319824
86334427
86349677
86364368
86379781
86394551
86409970
86424246
86439414
86454352
86469931
86484703
86500370
86515384
86530883
86545735
86561237
86575839
86591173
86606028
86621197
86635968
86651303
86666238
86682069
86696838
86712500
86727438
86742851
86757785
86773448
86788136
86803966
86819229
86834979
86850245
86866234
86881253
86897161
86912511
86928421
86943518
86959517
86974858
86990850
87006196
87022353
87037868
87054271
87070112
87086764
87102440
87118926
87134438
87151094
87167180
87184243
87200500
87217562
87233898
87250882
87267135
87284038
87300372
87317601
87334022
87351414
87368083
87385640
87402473
87420193
87437193
87455326
87472485
87490539
87507863
87526080
87543403
87561789
87579605
87598236
87616220
87635507
87653825
87673028
87691425
87710796
87729441
87749141
87767950
87788063
87807367
87827560
87846784
87866646
87885866
87906554
87926846
87948606
87969310
87991234
88011444
88032632
88053002
88075090
88096452
88119210
88140644
88162902
88184013
88206440
88228208
88251577
88273802
88297293
88319562
88343055
88365160
88388649
88411246
88435067
88457912
88482231
88505486
88529967
88553387
88578116
88601377
88625854
88649362
88674334
88698167
88723145
88747225
88772447
88796282
88821588
88845679
88871222
88895884
88921768
88946174
88971641
88995723
89021439
89045857
89072145
89096640
89122523
89146849
89172896
89197474
89223600
89248092
89273894
89298548
89324434
89349170
89375052
89399630
89425262
89449839
89475476
89499802
89525272
89549600
89574905
89599086
89624289
89648204
89673347
89697096
89722156
89745575
89770303
89793647
89818370
89841712
89866355
89889532
89913846
89936364
89960023
89982369
90006109
90028460
90051792
90073809
90096724
90118427
90141166
90162696
90185195
90206232
90228323
90249188
90271113
90291735
90313332
90333787
90355135
90375177
90396114
90415831
90436517
90456148
90476672
90495974
90516169
90535306
90555171
90574063
90593762
90612241
90631611
90650008
90668969
90686873
90705666
90723322
90741785
90759441
90777823
90795316
90813534
90830528
90848254
90865167
90882811
90899559
90916955
90933546
90950852
90967107
90984007
90999852
91016585
91032513
91048999
91064761
91081166
91096758
91112834
91128099
91144009
91159114
91174776
91189711
91205381
91220313
91235736
91250414
91265674
91280195
91295209
91309471
91324317
91338593
91353435
91367542
91382224
91396252
91410676
91424465
91438727
91452422
91466684
91480303
91494405
91507855
91521873
91535162
91549015
91562220
91576070
91589358
91603127
91616169
91629853
91642896
91656416
91669210
91682402
91694949
91708053
91720764
91733881
91746426
91759530
91772083
91785109
91797571
91810436
91822818
91835598
91847731
91860590
91872731
91885427
91897473
91909928
91921898
91934431
91946398
91958845
91959723
91959778
91970995
91980280
91980381
91983608
91995497
92007863
92019829
92032374
92044420
92056782
92068674
92080955
92092683
92104885
92116690
92128894
92140695
92152985
92164706
92176987
92188633
92200917
92212555
92224762
92236563
92248770
92260572
92272862
92284748
92297029
92308757
92321039
92332686
92344969
92356606
92368813
92380614
92392905
92404628
92416907
92428800
92440998
92452893
92465505
92477306
92489678
92501648
92514182
92526237
92538598
92550572
92563106
92574995
92587611
92599742
92612277
92624409
92637109
92649247
92661945
92674247
92687190
92699733
92712679
92724982
92738005
92750557
92763503
92776128
92789406
92802200
92815640
92828433
92841792
92854586
92867858
92880812
92894258
92907214
92920979
92934355
92948205
92961330
92975100
92988549
93002567
93015937
93029954
93043571
93057754
93071450
93085878
93099572
93114089
93127952
93142628
93156658
93171251
93185360
93200279
93214473
93229480
93243841
93258839
93273534
93288950
93303720
93319381
93334323
93349984
93365005
93380665
93395770
93411764
93427192
93443271
93458854
93475265
93490942
93507429
93523274
93540001
93555932
93572748
93588836
93605819
93622154
93639461
93656052
93673528
93690357
93708157
93725074
93742879
93760035
93778169
93795412
93813635
93831040
93849507
93867155
93885873
93903773
93922814
93940957
93960329
93978726
93998180
94016742
94036363
94055185
94075206
94094343
94114539
94133841
94154365
94173913
94194523
94214641
94235912
94256283
94277880
94298418
94319438
94339804
94361404
94382024
94404115
94425147
94447319
94468352
94490441
94511887
94534469
94556159
94579073
94600770
94623765
94645705
94668947
94691136
94714539
94736897
94760470
94782822
94806641
94829319
94853388
94876150
94900217
94923065
94947129
94969892
94994125
95017128
95041533
95064868
95089346
95112605
95137160
95160088
95184489
95207740
95232384
95255558
95280037
95303462
95327859
95350786
95374686
95397538
95421438
95444364
95468348
95491276
95515178
95537944
95561679
95584194
95607684
95630116
95653445
95675630
95699121
95721225
95744549
95766407
95789318
95810926
95833759
95855123
95877789
95899146
95921655
95942935
95965111
95986058
96007984
96028765
96050535
96071155
96092832
96113122
96134308
96154186
96175372
96195246
96216347
96236309
96257166
96277044
96297981
96317531
96338140
96357279
96377310
96396366
96416315
96435372
96455326
96474382
96494002
96512646
96531854
96550166
96569455
96587935
96607224
96625537
96644826
96662975
96682017
96699913
96718791
96736775
96755817
96773727
96792520
96810255
96828970
96846625
96865174
96882911
96901457
96919107
96937654
96955390
96973945
96991601
97010228
97027802
97046354
97064088
97082554
97100120
97118750
97136405
97155041
97172450
97190666
97208482
97227281
97245102
97263979
97281799
97300506
97318325
97336874
97354619
97373328
97391311
97410104
97428170
97447225
97465277
97484486
97502552
97521678
97539821
97558952
97577266
97596638
97615209
97634899
97653625
97673495
97692216
97712077
97731096
97750837
97769812
97789759
97808898
97829093
97848558
97869165
97889045
97909980
97929942
97951043
97971005
97992187
98011655
98032511
98052965
98075053
98096170
98118177
98139040
98160902
98181424
98203429
98224546
98247224
98268907
98291659
98313267
98335934
98357456
98380040
98401653
98424647
98446585
98469911
98492017
98515342
98537611
98560883
98583122
98606533
98628885
98652543
98674974
98698709
98721308
98745128
98767809
98791632
98814232
98838050
98860477
98884174
98906483
98930226
98952905
98976719
98999315
99022814
99045004
99068656
99091418
99115485
99138406
99162396
99184993
99208726
99231164
99255146
99277984
99302059
99324900
99348884
99371483
99395302
99417900
99441884
99464644
99488630
99511394
99535372
99558137
99582042
99604708
99628545
99651144
99675122
99697885
99721793
99744308
99768129
99790646
99814465
99837060
99860879
99883560
99907296
99929728
99953548
99976057
100000040
100022394
100045641
100067988
100092055
100114983
100139291
100161896
100185468
100207568
100231144
100253579
100277398
100300079
100323737
100346085
100369736
100391847
100415251
100437438
100460923
100483198
100506852
100529199
100552775
100575044
100598287
100620224
100643465
100665653
100689061
100711245
100734576
100756430
100779424
100801281
100824352
100846208
100869450
100891475
100914718
100936572
100959564
100981340
101004419
101026437
101048449
101069722
101092471
101114572
101137733
101159343
101182175
101203453
101225946
101247225
101269808
101291255
101313672
101334787
101357042
101377990
101400245
101421195
101443443
101464477
101486648
101507432
101529438
101550141
101571740
101592194
101613625
101633999
101655428
101675636
101696901
101716944
101737963
101757841
101778529
101798078
101818517
101838066
101858589
101877973
101898250
101917222
101937169
101956220
101976006
101994896
102014761
102033324
102052692
102071170
102090454
102108437
102127312
102145129
102163765
102181577
102200212
102217865
102236411
102253817
102271951
102289189
102307082
102323994
102341716
102358464
102375774
102392192
102409338
102425675
102442821
102459075
102476225
102492315
102508962
102524728
102541290
102556887
102573046
102588554
102604629
102619897
102635809
102650905
102666645
102681504
102697164
102712100
102727511
102742370
102757784
102772553
102787880
102802411
102817576
102832016
102846857
102860886
102875723
102889831
102904510
102918537
102933213
102947160
102961584
102975213
102989468
103003090
103017345
103030644
103044487
103057769
103071537
103084829
103098841
103112210
103126061
103139429
103153196
103166314
103180085
103193207
103206888
103219849
103233287
103245911
103259024
103271737
103285005
103297965
103311652
103324522
103338130
103351006
103364356
103377072
103390424
103403140
103416328
103428952
103442150
103454853
103468210
103480845
103494195
103507026
103520183
103532893
103546159
103558957
103572066
103584680
103597803
103610456
103623703
103636250
103649519
103662228
103675506
103688375
103701737
103714530
103727796
103740595
103753865
103766489
103779766
103792476
103805830
103818706
103832226
103845261
103859115
103872649
103886742
103900114
103913963
103927164
103941019
103954134
103967654
103980870
103995042
104008820
104023334
104037202
104051707
104065572
104079997
104093777
104108118
104121905
104136494
104150354
104165200
104179720
104194805
104209246
104224498
104239018
104254272
104268789
104284040
104298569
104313818
104328584
104344163
104359188
104375101
104390519
104406511
104421857
104438100
104453691
104470093
104485689
104501850
104517194
104533599
104549682
104566580
104583002
104600397
104616811
104634039
104650622
104668016
104684601
104702158
104719152
104736957
104753868
104771923
104789079
104807296
104824785
104843250
104860909
104879618
104897357
104915984
104933886
104952675
104970748
104990118
105008515
105028047
105046688
105066223
105084861
105104478
105123454
105143563
105162376
105182075
105200965
105220994
105240460
105261229
105281024
105301795
105321428
105342111
105361908
105382521
105402402
105423331
105443623
105464888
105485185
105506781
105527236
105548748
105569286
105590880
105611414
105632599
105652889
105674482
105695429
105717435
105738382
105760474
105781420
105803098
105823552
105845228
105865930
105888348
105909788
105931960
105953232
105975410
105996357
106018447
106039400
106061652
106082929
106105347
106126542
106148954
106169901
106191911
106212780
106235028
106256224
106278722
106299917
106322255
106343367
106365623
106386650
106408822
106430011
106452429
106473711
106496129
106517414
106539745
106560944
106583116
106603900
106626236
106647591
106670342
106691951
106714450
106735729
106757982
106779260
106801765
106822958
106845294
106866162
106888346
106909525
106932027
106953629
106976626
106998646
107021724
107043658
107060263
107066820
107089004
107112989
107135996
107160559
107176484
107184143
107209190
107233031
107258411
107282904
107308949
107333603
107359730
107384633
107411499
107437471
107465406
107491963
107520233
107547526
107575958
107603500
107633497
107662518
107693915
107724017
107755738
107785917
107818386
107850042
107884333
107917473
107953153
107987452
108024286
108059576
108097809
108134906
108175367
108214525
108257125
108298175
108342674
108385707
108433084
108479407
108530003
108579040
108633010
108685596
108743524
108800231
108863675
108925740
108995452
109063947
109141239
109217716
109304404
109391263
109489979
109591923
109709756
109829409
109970969
110119630
110299666
110491085
110728212
110981344
111286114
111591968
111931413
112249461
112580914
112871690
113158665
113409647
113663993
113888862
114115622
114315757
114523391
114710590
114903314
115078506
115262317
115425710
115594113
115747369
115908203
116055284
116209929
116351090
116500299
116635276
116778732
116909096
117048838
117178455
117314651
117438996
117568852
117689165
117816470
117933744
118058409
118173855
118295965
118406804
118526363
118634897
118751988
118859621
118973991
119080057
119192108
119295365
119405359
119505979
119613577
119713041
119819087
119916250
120022297
120122100
120231433
120333378
120447583
120558825
120683327
120805934
120945679
121086008
121242964
121399234
121576748
121742284
121918425
122081323
122254334
122413691
122582175
122736505
122900961
123051340
123213975
123365508
123524938
123671769
123827734
123971358
124125203
124267409
124417519
124556525
124704421
124840628
124985476
125119384
125259697
125390967
125530787
125659173
125796691
125924006
126058477
126184060
126317542
126440660
126571836
126693052
126822078
126942141
127068856
127187512
127313243
127430587
127553272
127669950
127792138
127905693
128024340
128131885
128244027
128346700
128454392
128552623
128656519
128751943
128853868
128948552
129049004
129143194
129243229
129336595
129435794
129529655
129629842
129723949
129824137
129918243
130018596
130112374
130212312
130305921
130406037
130499395
130599173
130693363
130793971
130888005
130988942
131083389
131183828
131277282
131376988
131470023
131569897
131663265
131762966
131856419
131956864
132050483
132150756
132243963
132343656
132437356
132537223
132630426
132730129
132824238
132924520
133018214
133117659
133210520
133311216
133404902
133505007
133598334
133698347
133791768
133891796
133985495
134086027
134180131
134280496
134374364
134474387
134568166
134668359
134762381
134862574
134956437
135057210
135151733
135252252
135346779
135445908
135540349
135640956
135734654
135835252
135928877
136028659
136122274
136222549
136316167
136416608
136510800
136610912
136704848
136806035
136900147
137001650
137096170
137197836
137291374
137391644
137486011
137586946
137680808
137781084
137875109
137975883
138070410
138171181
138265621
138366392
138460419
138560944
138655462
138756240
138850436
138951043
139045572
139146505
139241204
139341985
139436509
139537363
139631726
139732657
139828416
139932573
140032950
140143765
140251638
140371945
140490275
140624083
140758159
140911403
141065738
141245349
141431564
141660283
141927152
142322297
143146463
144177494
145124244
Senor Log For Sensor 3
0
23625315
24310521
24730242
25021327
25072210
25527095
25659227
26181464
26466510
26647908
26892010
27122513
27760077
27954579
28624389
28641624
28786347
29378746
29770975
30305002
31734266
33754650
33948689
34120840
51610463
54362953
54861635
55502399
55788313
56666210
56671119
56674419
56704916
57213420
57303595
57422105
57474963
57687728
57837621
58175121
58377652
58719487
59930054
60826941
60828719
60853684
61080356
61107469
61302185
61520050
61526557
61606887
61630796
61688245
61713346
61783845
62032679
62032779
62238634
62298143
62413880
62493334
62528862
62823461
63060535
63355133
63641800
64412503
64866675
91959808
91980309
107060301
107060372
Senor Log For Sensor 4
0
20028533
20432947
20729937
20964437
21176972
21359447
21531413
21687261
21838963
21976532
22110254
22232979
22354619
22468094
22581245
22688600
22798464
22905128
23015910
23123346
23234580
23341562
23452327
23559448
23625277
23625419
23670062
23777421
23888492
23995455
24105390
24212586
24310485
24310632
24323293
24430724
24541885
24648705
24730208
24730357
24759101
24866301
24976849
25021293
25072177
25084048
25195050
25302330
25413876
25522612
25635146
25659194
25743655
25855355
25963092
26076017
26181429
26187033
26303627
26416424
26466476
26466619
26518860
26618029
26647876
26720854
26821109
26891977
26924544
27023954
27122478
27126462
27226782
27330062
27430689
27535906
27639105
27746442
27760044
27849064
27954543
27956165
28061994
28173452
28280961
28390684
28495734
28611108
28624354
28641592
28729040
28786314
28786457
28849924
28965485
29084819
29197920
29313984
29378710
29427692
29544357
29656238
29770939
29771076
29772062
29885542
30002677
30115476
30230392
30304967
30340226
30453080
30562965
30677190
30789826
30906341
31022419
31142308
31257928
31377347
31492354
31611008
31725860
31734231
31846053
31962061
32081953
32197266
32316844
32432383
32551884
32666662
32786469
32902084
33021809
33137117
33256309
33372319
33491893
33607067
33725866
33754612
33841335
33961221
34076463
34120805
34120950
34195851
34310940
34430592
34546291
34665333
34779959
34899307
35014545
35133512
35248056
35367186
35482179
35601147
35716229
35836196
35950976
36068797
36183658
36302856
36417336
36537223
36651774
36769978
36885376
37005025
37119355
37238249
37352951
37472381
37586701
37706121
37820683
37939112
38054816
38173558
38288112
38407010
38522019
38640679
38755459
38874429
38989748
39108486
39223338
39342453
39456931
39576663
39691978
39809793
39924719
40045021
40158915
40276952
40392719
40511143
40625774
40744887
40860356
40978170
41093569
41212993
41327774
41446129
41560754
41679950
41795118
41913704
42027794
42147137
42261835
42380810
42495810
42615541
42730702
42849746
42964602
43082434
43198506
43317403
43432104
43551236
43666617
43785966
43900969
44019409
44134642
44252692
44366709
44487891
44602511
44721938
44835871
44955759
45069921
45189343
45303820
45423549
45538096
45657293
45771230
45890720
46005574
46124005
46238021
46357528
46472232
46591508
46706368
46824963
46940274
47059698
47174245
47293139
47408612
47528115
47641825
47760786
47875638
47994976
48109517
48227863
48343325
48463893
48578678
48696790
48811253
48929445
49044452
49163868
49278640
49397070
49511839
49631031
49746340
49864839
49979156
50098879
50213647
50332001
50446924
50566109
50681570
50800458
50914839
51033804
51149194
51268006
51382408
51500837
51616609
51735653
51850434
51969404
52084341
52203536
52319008
52437284
52552526
52672328
52786571
52905536
53020384
53139192
53254352
53373158
53487098
53605297
53719603
53839025
53953801
54071921
54185394
54302751
54414845
54530978
54643161
54760143
54861601
54873465
54990365
55102545
55218827
55331463
55448134
55502365
55560694
55677288
55788280
55789842
55906746
56019003
56135290
56246855
56363603
56477997
56596122
56666175
56674389
56704885
56710133
56827961
56941673
57058805
57170906
57286659
57303562
57399523
57474931
57475060
57519779
57635549
57687696
57687835
57755980
57837589
57873072
57996248
58115774
58175088
58175234
58237873
58355175
58377619
58377719
58476176
58593400
58716115
58719453
58834247
58956418
59075025
59198572
59317183
59439135
59556596
59678241
59797003
59919333
59930020
60036578
60156921
60271777
60389056
60500011
60612244
60718227
60821513
60826857
60826907
60828688
60834974
60917595
61015141
61080323
61106585
61197710
61256247
61282961
61368494
61397265
61449074
61526526
61526672
61529322
61604247
61679450
61688215
61713316
61750316
61821623
61889201
61955690
62017919
62032318
62032750
62032897
62080730
62140351
62200257
62238601
62256360
62312671
62366174
62420028
62471163
62522350
62528830
62571261
62620608
62667607
62714808
62759822
62805651
62823429
62849436
62893429
62935378
62978068
63019025
63060497
63099994
63140315
63179129
63218448
63256349
63294985
63332191
63355100
63369835
63406125
63443074
63478906
63515334
63550394
63586128
63620348
63641763
63655322
63689164
63723597
63756904
63790948
63824261
63858308
63891231
63924825
63957281
63990188
64023878
64060526
64093373
64125741
64156905
64190185
64223202
64256934
64289172
64321002
64352781
64385452
64412468
64417149
64449509
64480678
64513036
64544665
64576877
64607963
64639713
64671337
64703395
64734023
64765470
64796480
64828315
64859475
64890847
64921627
64952913
64982703
65013384
65043326
65074616
65105094
65136154
65166557
65197464
65227560
65258012
65288106
65318789
65348806
65379638
65409732
65440336
65469965
65500268
65529827
65560202
65589915
65620443
65650079
65680762
65710467
65740925
65770944
65801627
65831493
65861944
65891581
65922109
65951124
65981047
66010679
66041290
66071000
66101531
66131242
66161462
66190639
66220249
66249345
66279495
66309131
66339276
66368760
66398752
66427852
66457459
66486565
66516556
66545888
66575802
66605361
66635353
66664379
66693832
66722625
66752619
66782330
66812400
66840196
66868965
66898829
66929664
66959138
66988906
67017469
67046312
67074187
67103115
67131746
67161121
67189687
67218910
67247019
67275711
67303584
67331968
67359768
67388226
67416253
67445098
67472895
67500975
67528161
67556162
67583347
67611197
67638383
67666003
67692807
67720042
67746618
67773858
67800432
67827517
67853786
67880566
67906909
67933844
67960112
67986815
68012699
68038792
68064064
68090079
68115660
68141515
68166795
68192432
68217391
68242792
68267455
68292633
68317063
68342077
68366210
68390999
68415127
68439683
68463508
68487611
68510970
68534919
68558202
68581917
68604824
68628161
68650983
68673945
68696536
68718947
68741245
68763818
68785569
68807682
68829205
68851166
68872307
68893809
68914646
68935994
68956524
68977411
68997940
69018524
69038596
69058874
69078717
69098689
69118302
69138044
69157580
69177245
69196405
69215681
69234610
69253585
69272124
69290873
69309184
69327625
69345554
69363690
69381535
69399517
69416988
69434891
69452284
69470110
69487062
69504261
69521049
69538027
69554580
69571337
69587736
69604266
69620433
69636808
69652927
69669046
69684914
69701054
69716843
69732679
69748234
69763926
69779250
69794554
69809652
69824954
69839981
69854898
69869689
69884614
69899095
69913866
69928428
69942967
69957299
69971762
69985941
70000334
70014356
70028512
70042466
70056618
70070338
70084192
70097913
70111607
70125100
70138719
70152058
70165528
70178787
70192332
70205444
70218756
70231788
70244877
70257753
70270837
70283647
70296575
70309302
70322085
70334735
70347435
70359939
70372636
70385135
70397761
70410107
70422656
70435001
70447400
70459515
70471681
70483723
70495887
70507848
70519869
70531824
70543916
70555801
70567739
70579547
70591484
70603296
70615232
70627039
70638671
70650327
70661880
70673234
70684711
70696137
70707615
70719138
70730606
70741796
70753274
70764698
70775950
70787299
70798864
70810279
70821602
70832878
70844202
70855551
70867031
70877995
70889092
70900287
70911384
70922354
70933371
70944414
70955585
70966553
70977724
70988691
70999870
71010832
71021850
71032821
71043843
71054804
71065825
71076637
71087506
71098395
71109342
71120234
71131095
71141907
71152851
71163666
71174607
71185500
71196516
71207332
71218271
71229237
71240183
71251224
71262242
71273212
71284078
71295054
71306138
71317103
71328125
71339167
71350185
71361308
71372323
71383368
71394613
71405659
71416753
71427872
71439122
71450165
71461258
71472455
71483705
71494978
71506229
71517422
71528671
71540019
71551498
71562801
71574174
71585673
71597226
71608729
71620283
71631937
71643647
71655380
71667237
71678970
71690985
71702638
71714424
71726233
71738095
71749976
71761993
71773875
71785964
71798003
71810093
71822286
71834527
71846728
71859040
71871459
71883935
71896353
71908904
71921482
71934256
71946980
71959764
71972486
71985341
71998150
72011155
72024111
72037196
72050307
72063543
72076804
72090198
72103460
72117002
72130494
72144112
72157679
72171530
72185250
72199101
72213053
72227206
72241161
72255311
72269489
72283877
72298054
72312591
72327090
72341768
72356331
72371331
72386197
72401119
72416138
72431442
72446541
72461768
72477015
72492627
72508183
72523868
72539577
72555645
72571585
72587728
72603900
72620501
72636899
72653428
72669824
72686582
72703134
72720122
72736901
72754038
72771130
72788727
72806122
72823872
72841574
72859778
72877634
72895992
72914003
72932749
72951134
72969842
72988420
73007320
73026242
73045524
73064597
73084109
73103489
73123462
73143225
73163272
73183266
73203770
73224072
73244809
73265338
73286458
73307213
73328561
73349624
73371433
73392652
73414764
73436363
73458785
73480766
73503410
73525701
73548577
73570866
73594049
73616875
73640366
73663197
73687070
73710259
73734367
73758034
73782520
73806414
73830971
73855186
73880269
73904699
73930025
73954839
73980241
74005056
74030685
74055888
74081515
74106864
74132956
74158612
74185011
74210737
74237368
74263329
74289955
74315919
74342623
74368582
74395440
74421706
74448717
74475134
74502142
74528721
74555801
74582374
74609689
74636186
74663500
74690074
74717310
74743656
74770588
74797164
74824404
74850598
74877680
74904178
74931187
74957837
74984770
75010887
75037514
75063247
75089495
75115229
75141471
75167127
75193446
75218868
75244508
75269396
75295029
75319686
75345093
75369371
75394317
75418439
75443387
75467360
75491614
75515130
75539080
75562211
75585928
75608755
75632321
75655302
75678561
75701005
75723807
75745865
75768514
75790727
75813143
75834827
75856711
75878383
75900190
75921486
75942761
75963980
75985405
76006704
76028426
76049421
76070538
76090991
76111344
76131193
76151308
76171073
76191207
76211186
76231620
76251311
76270973
76290049
76309407
76328408
76347766
76366842
76386278
76405355
76424789
76443484
76462299
76480535
76498975
76517286
76535803
76554190
76573094
76591402
76609766
76627464
76645291
76662913
76681045
76698896
76717182
76735113
76753328
76771408
76789007
76806325
76823616
76840853
76858755
76876378
76894970
76913135
76931727
76949960
76968477
76986021
77002702
77019247
77036616
77053641
77070922
77088009
77105605
77122402
77139367
77156454
77173293
77189769
77206595
77223228
77240209
77256989
77274127
77290993
77308127
77325061
77341737
77357903
77374509
77390765
77407514
77424066
77440972
77457675
77474664
77491219
77508128
77524299
77540670
77556916
77573521
77590154
77606685
77623159
77640065
77656539
77673295
77689622
77706070
77722398
77738845
77755245
77771855
77788329
77804934
77821329
77837856
77854104
77870635
77887034
77903791
77920034
77936637
77953044
77969416
77985662
78002300
78018429
78035032
78051593
78068042
78084518
78101039
78117363
78133820
78150071
78166747
78182840
78199364
78215610
78231836
78248007
78264306
78280473
78297002
78313714
78330622
78347251
78364009
78380555
78397467
78413262
78429405
78445422
78461563
78477580
78493962
78510054
78526430
78542523
78558893
78574992
78591288
78607152
78623298
78639309
78655537
78671552
78687852
78704017
78720545
78736717
78753093
78769343
78785489
78801430
78817649
78833594
78849816
78865910
78882129
78898222
78914603
78930544
78946844
78962632
78978694
78994488
79010557
79026574
79043024
79058962
79075266
79091512
79107886
79124057
79140504
79156378
79172443
79188150
79204063
79219849
79235925
79251862
79268007
79283949
79300241
79316103
79332410
79348192
79364341
79379972
79395970
79411832
79427900
79443688
79459902
79475850
79491991
79507932
79524229
79540086
79556084
79571715
79587706
79603418
79619480
79635196
79651262
79667126
79683193
79698973
79715044
79730682
79746599
79762309
79778295
79794240
79810308
79826325
79842319
79858174
79874327
79890035
79906104
79922040
79937955
79953748
79969662
79985296
80001055
80016612
80032611
80048322
80064313
80080096
80096094
80111805
80127572
80143211
80159037
80174679
80190515
80206220
80222293
80237922
80253768
80269246
80284936
80300486
80316172
80331659
80347498
80363138
80379041
80394682
80410368
80425924
80441530
80457011
80472856
80488412
80504327
80520034
80535954
80551586
80567426
80582831
80598510
80613843
80629452
80644781
80660387
80675795
80691557
80707186
80722878
80738506
80754045
80769373
80784829
80800154
80815843
80831326
80847095
80862643
80878401
80894042
80909572
80924826
80940276
80955529
80971143
80986542
81002311
81017785
81033555
81048958
81064568
81080044
81095812
81110909
81126443
81141844
81157453
81173247
81189389
81205097
81221010
81236647
81252335
81268045
81283960
81298902
81314206
81329459
81344915
81360399
81376080
81391560
81407322
81422728
81438261
81453360
81468660
81483838
81499062
81514237
81529770
81545021
81560560
81575959
81591490
81606742
81622276
81637372
81652755
81668004
81683236
81698406
81713634
81728885
81744341
81759694
81775127
81790454
81805683
81820781
81835931
81850954
81866563
81882274
81897882
81913364
81928972
81944376
81960068
81975543
81990463
82005566
82020714
82035660
82051042
82066292
82081678
82096924
82112460
82127633
82142936
82157832
82172956
82187900
82203129
82218303
82233530
82248630
82264162
82279031
82294334
82309587
82324663
82339683
82355066
82370164
82385392
82400650
82416025
82431058
82446200
82460990
82476065
82491013
82506238
82521186
82536258
82551278
82566813
82582294
82597594
82612849
82628533
82643939
82659546
82674185
82689030
82703745
82718668
82733613
82748764
82763788
82779091
82794190
82809573
82824595
82839877
82854921
82869919
82884790
82900015
82914883
82930116
82944983
82960064
82974926
82989923
83004720
83019790
83034736
83049888
83064834
83079913
83094624
83109697
83124645
83139640
83154510
83169585
83184453
83199453
83214318
83229315
83244345
83259870
83275351
83290813
83305985
83321594
83336310
83351230
83365799
83380638
83395583
83410583
83425526
83440836
83455777
83470927
83486184
83501100
83515818
83530894
83545685
83560532
83575401
83590399
83605198
83620267
83634910
83649908
83664625
83679483
83694264
83709026
83723827
83738740
83753458
83768380
83783331
83798488
83813123
83828114
83843060
83857982
83873004
83888232
83902797
83917792
83932282
83947352
83962225
83977141
83991932
84007093
84022104
84037410
84052363
84066894
84081459
84096225
84110938
84125861
84140652
84155422
84170139
84184905
84199628
84214391
84228953
84243876
84258360
84273129
84287782
84302688
84317556
84332479
84347269
84362344
84376829
84391594
84406311
84421001
84435411
84450257
84464972
84479975
84494607
84509449
84524320
84539090
84553497
84568266
84582674
84597365
84611776
84626696
84641424
84656027
84670666
84685668
84700460
84715610
84730332
84744714
84759059
84773741
84788075
84802845
84817561
84832331
84847062
84861832
84876384
84891232
84905949
84920878
84935128
84949669
84964083
84978621
84993185
85007880
85022602
85037443
85051626
85066241
85080656
85095114
85109449
85124067
85138628
85153321
85167811
85182580
85196990
85211383
85225712
85240410
85255274
85270198
85284998
85299914
85314786
85329556
85344349
85359506
85373683
85388299
85402486
85417021
85431509
85445973
85460535
85475382
85489717
85504255
85518742
85533208
85547464
85562005
85576413
85590877
85605291
85619980
85634391
85648931
85663341
85677803
85692216
85706830
85721170
85735780
85750343
85764808
85779142
85793681
85807786
85822096
85836353
85850818
85865152
85879849
85894102
85908564
85923052
85937590
85951775
85966313
85980799
85995491
86009904
86024366
86038703
86053014
86067268
86081746
86095989
86110528
86124865
86139401
86153662
86167974
86182308
86196770
86210879
86225185
86239448
86253909
86268239
86282781
86297112
86311743
86325909
86340370
86354397
86368860
86383203
86397654
86412066
86426832
86441094
86455704
86470189
86485112
86499600
86514062
86528627
86543473
86558113
86572806
86587367
86602062
86616395
86630933
86645196
86659807
86674370
86689142
86703859
86718713
86733498
86748493
86763369
86778285
86793081
86808171
86822718
86837638
86852512
86867508
86882457
86897682
86912704
86927933
86943109
86958640
86973440
86988740
87003922
87019525
87034703
87050389
87065947
87081481
87096886
87112649
87128134
87143817
87159379
87175216
87191001
87207224
87223013
87239234
87255407
87271779
87288028
87304323
87320500
87336946
87353270
87369952
87386425
87403262
87419889
87436877
87453662
87470952
87487971
87505335
87522277
87539565
87556807
87574333
87591657
87609481
87627025
87645089
87662862
87681096
87698850
87717063
87734996
87753664
87772133
87791029
87809574
87828548
87847322
87866221
87884921
87904198
87923359
87943323
87963172
87983444
88003598
88024261
88043870
88063759
88083221
88103500
88123729
88144920
88165911
88187332
88208250
88229211
88249747
88270786
88291933
88313661
88335204
88357302
88379135
88401588
88423541
88446197
88468329
88491056
88513345
88536072
88558440
88581572
88604224
88627558
88650541
88674487
88698169
88722725
88746618
88771528
88795462
88819875
88843246
88867877
88892085
88917257
88941774
88966872
88991566
89016706
89041543
89067007
89091976
89117528
89142498
89168134
89193176
89218887
89243935
89269561
89294685
89320320
89345131
89370690
89395583
89421058
89445802
89471059
89495711
89520890
89545550
89570652
89595159
89620028
89644389
89669100
89693229
89717641
89741536
89765873
89789613
89813717
89837315
89861336
89884471
89908111
89931249
89954736
89977409
90000444
90022654
90045537
90067670
90090322
90112382
90134878
90156784
90179050
90200734
90222459
90243606
90265102
90286021
90307210
90327744
90348706
90369089
90389821
90409894
90430399
90450243
90470440
90490130
90510024
90529413
90549150
90568306
90587663
90606592
90625718
90644268
90663159
90681429
90699911
90717916
90736129
90753908
90771889
90789511
90807342
90824812
90842491
90859656
90877100
90894191
90911328
90927958
90944944
90961502
90978255
90994502
91010878
91026894
91043198
91059055
91074972
91090607
91106599
91122162
91137767
91153248
91168934
91184187
91199570
91214594
91229817
91244770
91259841
91274558
91289398
91304044
91318810
91333221
91347832
91362097
91376479
91390656
91404971
91419074
91433154
91447106
91461104
91474903
91488834
91502556
91516483
91530051
91543672
91557089
91570633
91584049
91597588
91610626
91623941
91637131
91650517
91663549
91676559
91689438
91702441
91715245
91728258
91740980
91753916
91766565
91779262
91792071
91804775
91817265
91830047
91842547
91855248
91867514
91879908
91892256
91904652
91917151
91929546
91941815
91954057
91959739
91959774
91966285
91978446
91980279
91990716
92003038
92015229
92027471
92039667
92052061
92064406
92076803
92088842
92101080
92113354
92125368
92137331
92149419
92161147
92173166
92185204
92197141
92209172
92221309
92233153
92245320
92257589
92269829
92281716
92293729
92305690
92317628
92329588
92341525
92353341
92365350
92377234
92389171
92401310
92413377
92425338
92437582
92449773
92461940
92474056
92486300
92498568
92510733
92522772
92534940
92546977
92559076
92571106
92583348
92595540
92608011
92620427
92632900
92645326
92657945
92670445
92682997
92695650
92708343
92720995
92733624
92746274
92759059
92771780
92784405
92797206
92810290
92823181
92836254
92849287
92862524
92875711
92888947
92902133
92915447
92928556
92941869
92955056
92968446
92981861
92995560
93009204
93022900
93036621
93050776
93064726
93078723
93092835
93107066
93121324
93135631
93149966
93164504
93178832
93193299
93207779
93222321
93236808
93251499
93266214
93281131
93296234
93311689
93326941
93342628
93358032
93373868
93389423
93405262
93420583
93436350
93451831
93467667
93483610
93499975
93516303
93532907
93549381
93566213
93582840
93599822
93616687
93633977
93651066
93668509
93685750
93703343
93720889
93738716
93756425
93774478
93792482
93810844
93829003
93847600
93866132
93885192
93903957
93923238
93942238
93961831
93980972
94000714
94020094
94040065
94059677
94079954
94100101
94120761
94141218
94162030
94182636
94203826
94224666
94246089
94267231
94289036
94310638
94332829
94354655
94376535
94398443
94420708
94443002
94465955
94488551
94511812
94534708
94558275
94581259
94604750
94627577
94651223
94674275
94698218
94721663
94745916
94769583
94793915
94817425
94841607
94865196
94889757
94913809
94938442
94962727
94987593
95011876
95036584
95060712
95085506
95109709
95134649
95158933
95183649
95207769
95232183
95256226
95280715
95304844
95329403
95353612
95378548
95402298
95426549
95450141
95473778
95497372
95521478
95545220
95569244
95592682
95616778
95640063
95663710
95686766
95710098
95732623
95755876
95778319
95801202
95823646
95846448
95868818
95891466
95913527
95935940
95957772
95979808
96001339
96023140
96044362
96065938
96087003
96108275
96129035
96150077
96170609
96191422
96211870
96232686
96252836
96273339
96293411
96313686
96333528
96353651
96373263
96393078
96412233
96431588
96450894
96470405
96489788
96509222
96528147
96547427
96566353
96585633
96604253
96623151
96641617
96660357
96678517
96697186
96715652
96734098
96752255
96770619
96788776
96807139
96825222
96843585
96861590
96879795
96897495
96915629
96933490
96951623
96969475
96987531
97005385
97023441
97041217
97059345
97077122
97095339
97113117
97131326
97149102
97167388
97185088
97203294
97221150
97239212
97257592
97276107
97294273
97313017
97331022
97349077
97366779
97384758
97402614
97420818
97438746
97457263
97475427
97493945
97512179
97530925
97549465
97568288
97586753
97605346
97623810
97642405
97660947
97679994
97698764
97718045
97736893
97756257
97775336
97794618
97813848
97833284
97852439
97871948
97891257
97911084
97930457
97950430
97970120
97990549
98010317
98030286
98049746
98069948
98089868
98110526
98131517
98153170
98173625
98194360
98214198
98234401
98254398
98275133
98295582
98316776
98337385
98358732
98379417
98400538
98420997
98441964
98462645
98483919
98504832
98526409
98547782
98569359
98590654
98612387
98633836
98655408
98676551
98698205
98719654
98741540
98763370
98785634
98807311
98829499
98851026
98873213
98894897
98916999
98938830
98961100
98983006
99005426
99027331
99049901
99071963
99094298
99116357
99138927
99160995
99183564
99205850
99228498
99250635
99272824
99294807
99317224
99338973
99361474
99383454
99405951
99427857
99450198
99472029
99494448
99516426
99538615
99560598
99582866
99604711
99627039
99648947
99671219
99693040
99715298
99736904
99759009
99780686
99802957
99824707
99846895
99868646
99890759
99912358
99934469
99956524
99978406
100000314
100022427
100044337
100066370
100087971
100109927
100131453
100153568
100175320
100197583
100219179
100240838
100262055
100283478
100304772
100326648
100348020
100370208
100391661
100413773
100434838
100456638
100477783
100499437
100520813
100542769
100564294
100586173
100607849
100629496
100651177
100672755
100694048
100716005
100737222
100758873
100780091
100801587
100822811
100844387
100865298
100886951
100908170
100929969
100950882
100972233
100993068
101014643
101035479
101056519
101077355
101098394
101119154
101140573
101161869
101183590
101204655
101225854
101246233
101266813
101287038
101307766
101328151
101348724
101369103
101389759
101410212
101430799
101451250
101471451
101491446
101511644
101531180
101551148
101570762
101590495
101609877
101629847
101649076
101668816
101687898
101707408
101726411
101745765
101764689
101783740
101802434
101821713
101840254
101859227
101877617
101896441
101914520
101933115
101950961
101969324
101987106
102005471
102023706
102042145
102059918
102077822
102095220
102112661
102129743
102147034
102163969
102181266
102198122
102215412
102232268
102249402
102266265
102283328
102300030
102316861
102333263
102349628
102365880
102382099
102398195
102414335
102430190
102446257
102462045
102478038
102493900
102509885
102525442
102541214
102556689
102572069
102587237
102602624
102617566
102632868
102647810
102662887
102677831
102692751
102707538
102722464
102737179
102752023
102766657
102781430
102795992
102810606
102825087
102839399
102853656
102868188
102882069
102896145
102909938
102923788
102937666
102951816
102965614
102979545
102993343
103007265
103020914
103034763
103048325
103061798
103075211
103088754
103102024
103115559
103129123
103142596
103155930
103169394
103182740
103196354
103209307
103222472
103235580
103248966
103261775
103274629
103287504
103300670
103313702
103326935
103339972
103352980
103366008
103379097
103392054
103405210
103417710
103430331
103442983
103455683
103468334
103481342
103494149
103506989
103519886
103532966
103545999
103559008
103571737
103584680
103597701
103610503
103623067
103635833
103648479
103661340
103674218
103687144
103699953
103712961
103725842
103738848
103751804
103764890
103777997
103791310
103804198
103817197
103830303
103843395
103856502
103869887
103882927
103896238
103909496
103923060
103936534
103950149
103963644
103977339
103990602
104004216
104017635
104031561
104045201
104059054
104073009
104087155
104101036
104115188
104129135
104143221
104157320
104171477
104185498
104199811
104214068
104228448
104242789
104257553
104272115
104287030
104301751
104316439
104331005
104345840
104360487
104375557
104390451
104405725
104420828
104436280
104451603
104467211
104482774
104498456
104513707
104529312
104544715
104560560
104576575
104592947
104609033
104625483
104641659
104658261
104674735
104691263
104707579
104724036
104740279
104756958
104773511
104790372
104806740
104823655
104840514
104857803
104875044
104892565
104909955
104927628
104945103
104962543
104979785
104997383
105014699
105032602
105050404
105068273
105086203
105104641
105122500
105141017
105159185
105177918
105196154
105214593
105232904
105251803
105270648
105289773
105308466
105327746
105346746
105365797
105384414
105403466
105422089
105441294
105460211
105479650
105498802
105518315
105537695
105557511
105576893
105596709
105616398
105636212
105655517
105675408
105694793
105714761
105734450
105754570
105774409
105794685
105814603
105834802
105854720
105875072
105895079
105915646
105935716
105956293
105976443
105996947
106017402
106038059
106058207
106078862
106099239
106120202
106140354
106161001
106181455
106202264
106222486
106243150
106263603
106284490
106305109
106325977
106346659
106367699
106388227
106409115
106429801
106450766
106471372
106492261
106512942
106533831
106554512
106575707
106596466
106617277
106637882
106658770
106679377
106700800
106721713
106743220
106764127
106785165
106805616
106826270
106846647
106867534
106888308
106909713
106930556
106951744
106972893
106994619
107016374
107038945
107060264
107060345
107061027
107083606
107105743
107128394
107151071
107174701
107176484
107198289
107222545
107246747
107271687
107296041
107321062
107345491
107371122
107396470
107422790
107449057
107476217
107503404
107531634
107559660
107588505
107617220
107646678
107676003
107706454
107736164
107767761
107799001
107831515
107863369
107896725
107931486
107967217
108002128
108038084
108074068
108112015
108151136
108191684
108231034
108272733
108314454
108358526
108403003
108450281
108497822
108548090
108598532
108652474
108706745
108764816
108823524
108886796
108951462
109021174
109091960
109169380
109249197
109335717
109426241
109526767
109631526
109748730
109874991
110019584
110176677
110359145
110561444
110803724
111070516
111376376
111691052
112024991
112344950
112665346
112954249
113230967
113483231
113728574
113955124
114178907
114384489
114589282
114781859
114973643
115154814
115340790
115516230
115691731
115859141
116027442
116186364
116350143
116507758
116667716
116820507
116973963
117120793
117270577
117413356
117558871
117700347
117841108
117974926
118112009
118246132
118381605
118510903
118642853
118769182
118897782
119020283
119147661
119269933
119392714
119511162
119631810
119747509
119865936
119980719
120099995
120218223
120342778
120467120
120603080
120741046
120892374
121051220
121225344
121404082
121596717
121785249
121977345
122159446
122346425
122521726
122700600
122871228
123044279
123207021
123374103
123533634
123694752
123850609
124005299
124151604
124301472
124446007
124592507
124733829
124876655
125013927
125153768
125287980
125425610
125557525
125693390
125823009
125956037
126084211
126215408
126341506
126470179
126594836
126721680
126843885
126969584
127090098
127214261
127332953
127455511
127573895
127694469
127810863
127929836
128042022
128153794
128261464
128368953
128470880
128573700
128672110
128772102
128868447
128967667
129062943
129161329
129256446
129354368
129449173
129547863
129642751
129741513
129837238
129935159
130030581
130129109
130224148
130322148
130417185
130514650
130609617
130708303
130803423
130901653
130997387
131095768
131190584
131289424
131383852
131481778
131577269
131676271
131771615
131868720
131963808
132062263
132157604
132255376
132350186
132448262
132543081
132640759
132735639
132833867
132929282
133027964
133123464
133221922
133317496
133415810
133511006
133608171
133702518
133799836
133895410
133993496
134088920
134187447
134283261
134381870
134476904
134575223
134670950
134769187
134863924
134962156
135057577
135156337
135251533
135350598
135446627
135545004
135640732
135740024
135834372
135932902
136029860
136128251
136223597
136321826
136417474
136515782
136610914
136709438
136805099
136903100
136998837
137097600
137193490
137292326
137388599
137486522
137579885
137678189
137774610
137874057
137969864
138068928
138164732
138263272
138358930
138457774
138553353
138652275
138747846
138846997
138943338
139042106
139138447
139237922
139333556
139432165
139528506
139626964
139723299
139822829
139922232
140026583
140131033
140243106
140357190
140480509
140606680
140746370
140891046
141051929
141221168
141414562
141627642
141899899
142256033
143053837
144028468
145032135
