Senor Log For Sensor 1
0
65366243
65713967
65996849
66215509
66423997
66595087
66767347
66916698
67069178
67200485
67334682
67453110
67575444
67684927
67771109
67799983
67904403
68017074
68121392
68145680
68234345
68339335
68452806
68490435
68557200
68564382
68564411
68591069
68670519
68775931
68889317
68957871
68994188
69037997
69038026
69107647
69212436
69325757
69338206
69430635
69483906
69516374
69516451
69544322
69636600
69649430
69762285
69849728
69866741
69929102
69940239
69940315
69980153
70084855
70129611
70162623
70162711
70198420
70239213
70303280
70417223
70502209
70522332
70624700
70636977
70679668
70743715
70859711
70965265
71058567
71066972
71159433
71169102
71237930
71260658
71299305
71355457
71358916
71458457
71555083
71586201
71660483
71668563
71693848
71758368
71864080
71902533
71940410
71961553
71973546
71979944
72067434
72165387
72270531
72312116
72347530
72367798
72473038
72488775
72552867
72570765
72597579
72678673
72780167
72891596
72910946
72933284
72992937
73108543
73228627
73299128
73331930
73357257
73478368
73606374
73686492
73724879
73746962
73747089
73849111
73964251
74042513
74042541
74085268
74086799
74193924
74203022
74309872
74326274
74416937
74432511
74534410
74567214
74644129
74762388
74871654
74990931
75075238
75102707
75223724
75335266
75454468
75456508
75565528
75578281
75685372
75797063
75918935
76032591
76156104
76270682
76393823
76506599
76619210
76627929
76740016
76861262
76973970
77096723
77210279
77333172
77446437
77448117
77448659
77568303
77681011
77802498
77914813
78036913
78125405
78150008
78272583
78385907
78508327
78549516
78621261
78743692
78856249
78978188
79091068
79213255
79296307
79300529
79326208
79448625
79561498
79683686
79796316
79917953
80030431
80152065
80264624
Senor Log For Sensor 2
0
65195951
65624871
65907289
66153826
66355691
66546659
66710527
66874622
67019180
67163484
67289994
67418700
67534671
67653895
67761771
67771063
67874890
67980213
68092697
68145600
68198019
68310977
68416631
68490404
68529364
68564313
68591007
68634515
68746512
68852085
68957811
68964796
69037916
69071030
69183846
69289089
69338132
69338290
69402308
69483833
69508041
69516301
69620934
69636526
69726263
69838745
69849652
69929071
69940169
69943797
70056857
70129544
70162548
70162623
70239152
70275222
70380784
70493585
70502126
70599905
70624634
70624740
70679562
70679710
70715014
70822736
70936768
71055860
71058497
71169037
71189855
71237868
71299235
71313820
71358756
71358879
71449387
71577140
71586126
71693790
71693948
71714591
71843100
71902452
71902607
71940378
71973468
71973615
71979880
71981283
72110703
72247667
72312042
72347462
72376741
72488704
72515376
72552805
72597509
72645778
72784980
72910884
72918000
72933204
72933325
73055173
73172856
73299044
73304379
73331868
73426276
73553590
73673099
73686411
73686525
73746900
73747046
73797795
73914334
74036790
74042395
74086713
74147566
74202952
74263010
74326212
74370796
74432442
74486914
74567152
74596676
74714687
74825036
74942878
75054553
75075145
75075307
75175940
75288258
75411127
75456446
75525440
75578200
75578314
75644842
75757007
75878148
75992128
76114831
76229474
76351680
76465574
76586128
76619109
76698801
76819517
76933014
77054487
77168707
77291004
77405076
77448041
77448597
77527031
77640276
77760828
77873902
77995463
78109189
78125339
78231146
78345217
78467003
78549483
78580727
78701699
78814599
78936542
79050096
79171552
79285431
79407138
79521106
79642659
79755555
79876122
79989607
80110231
80223785
Senor Log For Sensor 3
0
64932234
65454927
65807855
66048940
66281697
66460550
66646569
66798761
66962148
67096777
67239690
67359067
67489649
67598072
67718874
67771076
67821567
67937776
68038841
68145649
68145752
68154974
68256259
68373219
68474496
68490403
68564343
68590599
68591040
68692407
68808962
68910774
68957841
68957967
69026526
69037957
69129150
69245658
69338176
69347763
69464716
69483876
69516344
69566231
69636569
69683238
69784733
69849695
69900809
69929071
69940210
70002764
70118963
70129579
70162588
70221493
70239183
70239344
70338063
70440162
70502170
70502239
70556663
70624670
70660018
70679610
70679639
70778077
70881283
70999114
71058535
71102265
71169072
71169174
71220687
71237900
71299276
71325693
71358801
71358845
71446761
71551527
71586171
71586276
71689085
71693819
71812265
71902493
71902562
71940378
71955069
71973508
71979914
72079575
72221686
72312085
72345168
72347493
72347559
72487694
72488745
72552837
72597549
72612495
72758248
72885962
72910917
72911023
72933247
72933355
73033729
73163747
73299088
73299156
73315077
73331900
73447687
73599554
73686453
73728389
73746933
73747049
73864265
73983556
74042445
74042475
74086769
74086858
74115775
74202992
74226149
74326244
74326362
74349961
74432481
74454960
74567184
74576796
74683895
74805914
74911811
75034663
75075195
75143542
75266742
75373529
75456478
75456596
75492929
75578243
75596291
75713837
75816983
75936962
76047393
76175975
76286187
76411912
76521840
76619151
76619181
76646320
76755042
76880286
76989534
77115185
77225245
77351781
77448087
77448630
77461334
77586641
77695212
77819840
77929550
78054765
78125373
78164451
78290397
78400531
78525679
78549484
78635375
78760783
78870192
78995601
79105160
79230879
79296277
79300498
79340354
79465564
79575547
79700705
79809589
79934886
80043839
80168683
Senor Log For Sensor 4
0
65137886
65585001
65879506
66127272
66334721
66525979
66693305
66855706
67003283
67146370
67276113
67403910
67522009
67639767
67749606
67860786
67967169
68077361
68145612
68184197
68295609
68403065
68513937
68564309
68591009
68620857
68731713
68838866
68949873
68957810
69037908
69057404
69167810
69274354
69338143
69338293
69384991
69483842
69491911
69516313
69603393
69636528
69710910
69821248
69849662
69928092
69940179
70038806
70129547
70146034
70162548
70162682
70239151
70239314
70256734
70363895
70474982
70502138
70582827
70624637
70624789
70679570
70679710
70695141
70804174
70916233
71024520
71058502
71136003
71169039
71237869
71244985
71299243
71358769
71358886
71359457
71472045
71586139
71589172
71688590
71693788
71791196
71890524
71902460
71902608
71973470
71973582
71979884
71993938
72094200
72196798
72296046
72312052
72347462
72347594
72399498
72488713
72499670
72552805
72597510
72597615
72603262
72704815
72811319
72910885
72915164
72933215
72933327
73021121
73124515
73233382
73299053
73331868
73341138
73454227
73562665
73675450
73686420
73746902
73791241
73918941
74039577
74042403
74086723
74160234
74202960
74275638
74326212
74391553
74432445
74502622
74567152
74618824
74730787
74846179
74958454
75075159
75075275
75076502
75190928
75308075
75419732
75456446
75532961
75578210
75641521
75754374
75864815
75980418
76093309
76213344
76330073
76449809
76565378
76619111
76683581
76797850
76916048
77031998
77152340
77268442
77387956
77448052
77448600
77503915
77623266
77738446
77856883
77971820
78091953
78125340
78208051
78327708
78442966
78562704
78678503
78797556
78912434
79031474
79146895
79266105
79296244
79381351
79500410
79616583
79736230
79851194
79969646
80084821
80204100
