Senor Log For Sensor 1
Senor Log For Sensor 2
Senor Log For Sensor 3
Senor Log For Sensor 4
0
50672
107180
169103
223045
283087
335856
395195
447812
507076
559528
618555
670848
729788
782084
840989
893241
952042
1004191
1062896
1114805
1173513
1225498
1284284
1336584
1395605
1447982
1507184
1559783
1619272
1672041
1731609
1784618
1844437
1897509
1957470
2010638
2070831
2124226
2184511
2237907
2298187
2351508
2411785
2465186
2525470
2578935
2639374
2693073
2753666
2807457
2868218
2921999
2982659
3036453
3097033
3150662
3211173
3264724
3325082
3378399
3438597
3491916
3552039
3605352
3665553
3718949
3779226
3832723
3893060
3946609
4007221
4060833
4121421
4175212
4235959
4289908
4350888
4404949
4465898
4520010
4581147
4635332
4696389
4750568
4811752
4865907
4926951
4981135
5042277
5096610
5157904
5212162
5273149
5327091
5387920
5441867
5502707
5556486
5617166
5671023
5732637
5789094
5855658
5917450
5990668
6059130
6141060
6218542
6312629
6403361
6516207
6629135
6778193
6945497

